0.0 0.0 -694.5527830184
0.0 5.0 -694.5528156168
0.0 10.0 -694.5529966163
0.0 15.0 -694.5532845125
0.0 20.0 -694.5536641612
0.0 25.0 -694.5540461828
0.0 30.0 -694.5543443520
0.0 35.0 -694.5544162175
0.0 40.0 -694.5542583369
0.0 45.0 -694.5539483241
0.0 50.0 -694.5536198566
0.0 55.0 -694.5532693260
0.0 60.0 -694.5527543693
0.0 65.0 -694.5520499272
0.0 70.0 -694.5513868820
0.0 75.0 -694.5509417003
0.0 80.0 -694.5506469166
0.0 85.0 -694.5505282155
0.0 90.0 -694.5506778398

5.0 0.0 -694.5528264063
5.0 5.0 -694.5528549517
5.0 10.0 -694.5530218792
5.0 15.0 -694.5533407533
5.0 20.0 -694.5537525411
5.0 25.0 -694.5541448593
5.0 30.0 -694.5544394263
5.0 35.0 -694.5544848132
5.0 40.0 -694.5543321124
5.0 45.0 -694.5540750141
5.0 50.0 -694.5537894562
5.0 55.0 -694.5534219849
5.0 60.0 -694.5528482913
5.0 65.0 -694.5521066775
5.0 70.0 -694.5515066599
5.0 75.0 -694.5511199211
5.0 80.0 -694.5507581500
5.0 85.0 -694.5507498032
5.0 90.0 -694.5506652736

10.0 0.0 -694.5529867402
10.0 5.0 -694.5530222185
10.0 10.0 -694.5532235132
10.0 15.0 -694.5535988297
10.0 20.0 -694.5540405455
10.0 25.0 -694.5544475122
10.0 30.0 -694.5547420574
10.0 35.0 -694.5547728215
10.0 40.0 -694.5546352699
10.0 45.0 -694.5544297754
10.0 50.0 -694.5541680619
10.0 55.0 -694.5537548895
10.0 60.0 -694.5530946096
10.0 65.0 -694.5524079397
10.0 70.0 -694.5519261738
10.0 75.0 -694.5514247346
10.0 80.0 -694.5511154325
10.0 85.0 -694.5510161175
10.0 90.0 -694.5507875767

15.0 0.0 -694.5532809139
15.0 5.0 -694.5533327886
15.0 10.0 -694.5535921637
15.0 15.0 -694.5540058949
15.0 20.0 -694.5544857611
15.0 25.0 -694.5549009318
15.0 30.0 -694.5551672580
15.0 35.0 -694.5551959527
15.0 40.0 -694.5550927030
15.0 45.0 -694.5549199434
15.0 50.0 -694.5546704272
15.0 55.0 -694.5541792553
15.0 60.0 -694.5534954261
15.0 65.0 -694.5529296724
15.0 70.0 -694.5524115857
15.0 75.0 -694.5518609780
15.0 80.0 -694.5515472496
15.0 85.0 -694.5512932439
15.0 90.0 -694.5511928352

20.0 0.0 -694.5536709507
20.0 5.0 -694.5537490401
20.0 10.0 -694.5540403848
20.0 15.0 -694.5544750270
20.0 20.0 -694.5549640506
20.0 25.0 -694.5553729370
20.0 30.0 -694.5556245882
20.0 35.0 -694.5556526454
20.0 40.0 -694.5555774921
20.0 45.0 -694.5554338260
20.0 50.0 -694.5551386127
20.0 55.0 -694.5545830185
20.0 60.0 -694.5539721432
20.0 65.0 -694.5534613123
20.0 70.0 -694.5528732304
20.0 75.0 -694.5523310183
20.0 80.0 -694.5519888724
20.0 85.0 -694.5517047004
20.0 90.0 -694.5517929528

25.0 0.0 -694.5540426159
25.0 5.0 -694.5541444739
25.0 10.0 -694.5544428658
25.0 15.0 -694.5548939828
25.0 20.0 -694.5553723764
25.0 25.0 -694.5557440072
25.0 30.0 -694.5559685004
25.0 35.0 -694.5560038468
25.0 40.0 -694.5559767524
25.0 45.0 -694.5558642529
25.0 50.0 -694.5555122298
25.0 55.0 -694.5549487615
25.0 60.0 -694.5543681535
25.0 65.0 -694.5538796901
25.0 70.0 -694.5532780044
25.0 75.0 -694.5527867722
25.0 80.0 -694.5523527916
25.0 85.0 -694.5522241777
25.0 90.0 -694.5521724663

30.0 0.0 -694.5543405892
30.0 5.0 -694.5544431287
30.0 10.0 -694.5547421776
30.0 15.0 -694.5551691396
30.0 20.0 -694.5556221626
30.0 25.0 -694.5559707820
30.0 30.0 -694.5561949397
30.0 35.0 -694.5562807907
30.0 40.0 -694.5563006082
30.0 45.0 -694.5561844421
30.0 50.0 -694.5558208782
30.0 55.0 -694.5551963457
30.0 60.0 -694.5546799780
30.0 65.0 -694.5541523503
30.0 70.0 -694.5536134411
30.0 75.0 -694.5531395167
30.0 80.0 -694.5527188898
30.0 85.0 -694.5525391747
30.0 90.0 -694.5522547122

35.0 0.0 -694.5544128005
35.0 5.0 -694.5544856030
35.0 10.0 -694.5547760518
35.0 15.0 -694.5552006765
35.0 20.0 -694.5556465496
35.0 25.0 -694.5560022294
35.0 30.0 -694.5562802458
35.0 35.0 -694.5564229561
35.0 40.0 -694.5564952782
35.0 45.0 -694.5564121482
35.0 50.0 -694.5559572466
35.0 55.0 -694.5553403473
35.0 60.0 -694.5548023461
35.0 65.0 -694.5542180701
35.0 70.0 -694.5537591216
35.0 75.0 -694.5532376573
35.0 80.0 -694.5528030358
35.0 85.0 -694.5524647247
35.0 90.0 -694.5523630666

40.0 0.0 -694.5542641583
40.0 5.0 -694.5543302750
40.0 10.0 -694.5546315230
40.0 15.0 -694.5550893023
40.0 20.0 -694.5555742116
40.0 25.0 -694.5559741081
40.0 30.0 -694.5563032207
40.0 35.0 -694.5564903490
40.0 40.0 -694.5566264593
40.0 45.0 -694.5564949898
40.0 50.0 -694.5560081413
40.0 55.0 -694.5553819438
40.0 60.0 -694.5547648635
40.0 65.0 -694.5541256667
40.0 70.0 -694.5537758983
40.0 75.0 -694.5530516317
40.0 80.0 -694.5526935563
40.0 85.0 -694.5525084503
40.0 90.0 -694.5526927888

45.0 0.0 -694.5539533039
45.0 5.0 -694.5540641367
45.0 10.0 -694.5544189578
45.0 15.0 -694.5549242187
45.0 20.0 -694.5554441199
45.0 25.0 -694.5558671907
45.0 30.0 -694.5561786641
45.0 35.0 -694.5564156829
45.0 40.0 -694.5564916395
45.0 45.0 -694.5563443853
45.0 50.0 -694.5558463434
45.0 55.0 -694.5552737277
45.0 60.0 -694.5545297671
45.0 65.0 -694.5539820123
45.0 70.0 -694.5533751052
45.0 75.0 -694.5529443532
45.0 80.0 -694.5526616888
45.0 85.0 -694.5526527997
45.0 90.0 -694.5526761682

50.0 0.0 -694.5536076978
50.0 5.0 -694.5537932013
50.0 10.0 -694.5541665102
50.0 15.0 -694.5546613797
50.0 20.0 -694.5551440830
50.0 25.0 -694.5555072166
50.0 30.0 -694.5558165261
50.0 35.0 -694.5559561922
50.0 40.0 -694.5560090842
50.0 45.0 -694.5558645701
50.0 50.0 -694.5553923048
50.0 55.0 -694.5548548004
50.0 60.0 -694.5542266898
50.0 65.0 -694.5537154210
50.0 70.0 -694.5531684532
50.0 75.0 -694.5526504779
50.0 80.0 -694.5524039978
50.0 85.0 -694.5522310945
50.0 90.0 -694.5520485731

55.0 0.0 -694.5532658478
55.0 5.0 -694.5534283466
55.0 10.0 -694.5537559045
55.0 15.0 -694.5541776942
55.0 20.0 -694.5545859630
55.0 25.0 -694.5549398552
55.0 30.0 -694.5552049238
55.0 35.0 -694.5553293986
55.0 40.0 -694.5553857555
55.0 45.0 -694.5552744181
55.0 50.0 -694.5548577989
55.0 55.0 -694.5542174278
55.0 60.0 -694.5538153391
55.0 65.0 -694.5533413719
55.0 70.0 -694.5525115296
55.0 75.0 -694.5522144981
55.0 80.0 -694.5517983541
55.0 85.0 -694.5514516456
55.0 90.0 -694.5513057972

60.0 0.0 -694.5527515445
60.0 5.0 -694.5528368958
60.0 10.0 -694.5530955056
60.0 15.0 -694.5534835737
60.0 20.0 -694.5539749871
60.0 25.0 -694.5543696945
60.0 30.0 -694.5546839415
60.0 35.0 -694.5548008521
60.0 40.0 -694.5547566072
60.0 45.0 -694.5545331987
60.0 50.0 -694.5542277101
60.0 55.0 -694.5538057903
60.0 60.0 -694.5531793941
60.0 65.0 -694.5526559324
60.0 70.0 -694.5520695191
60.0 75.0 -694.5515480942
60.0 80.0 -694.5511657531
60.0 85.0 -694.5509222876
60.0 90.0 -694.5508444872

65.0 0.0 -694.5520435657
65.0 5.0 -694.5521039265
65.0 10.0 -694.5524042324
65.0 15.0 -694.5529296887
65.0 20.0 -694.5534546046
65.0 25.0 -694.5538779617
65.0 30.0 -694.5541493785
65.0 35.0 -694.5542154348
65.0 40.0 -694.5541302479
65.0 45.0 -694.5539823551
65.0 50.0 -694.5537057183
65.0 55.0 -694.5533431032
65.0 60.0 -694.5526622433
65.0 65.0 -694.5520882955
65.0 70.0 -694.5514504571
65.0 75.0 -694.5509598011
65.0 80.0 -694.5506577062
65.0 85.0 -694.5505018492
65.0 90.0 -694.5504669981

70.0 0.0 -694.5513671975
70.0 5.0 -694.5515085472
70.0 10.0 -694.5519162946
70.0 15.0 -694.5524075363
70.0 20.0 -694.5528748869
70.0 25.0 -694.5532769347
70.0 30.0 -694.5536165208
70.0 35.0 -694.5537669557
70.0 40.0 -694.5537830447
70.0 45.0 -694.5533776118
70.0 50.0 -694.5531676065
70.0 55.0 -694.5525182199
70.0 60.0 -694.5520686308
70.0 65.0 -694.5514400519
70.0 70.0 -694.5509296659
70.0 75.0 -694.5504025454
70.0 80.0 -694.5500840374
70.0 85.0 -694.5499069481
70.0 90.0 -694.5498786483

75.0 0.0 -694.5509454497
75.0 5.0 -694.5511163047
75.0 10.0 -694.5514285119
75.0 15.0 -694.5518563145
75.0 20.0 -694.5523310847
75.0 25.0 -694.5527765840
75.0 30.0 -694.5531299011
75.0 35.0 -694.5532401481
75.0 40.0 -694.5530497816
75.0 45.0 -694.5529516379
75.0 50.0 -694.5526473770
75.0 55.0 -694.5522050281
75.0 60.0 -694.5515546384
75.0 65.0 -694.5509502468
75.0 70.0 -694.5504058209
75.0 75.0 -694.5499151663
75.0 80.0 -694.5495362400
75.0 85.0 -694.5493341796
75.0 90.0 -694.5492964526

80.0 0.0 -694.5506420637
80.0 5.0 -694.5507594222
80.0 10.0 -694.5511107352
80.0 15.0 -694.5515576776
80.0 20.0 -694.5519835332
80.0 25.0 -694.5523484309
80.0 30.0 -694.5527350942
80.0 35.0 -694.5528099485
80.0 40.0 -694.5527004588
80.0 45.0 -694.5526505332
80.0 50.0 -694.5524097893
80.0 55.0 -694.5518053176
80.0 60.0 -694.5511612049
80.0 65.0 -694.5506529099
80.0 70.0 -694.5500782071
80.0 75.0 -694.5495316123
80.0 80.0 -694.5492297251
80.0 85.0 -694.5490296797
80.0 90.0 -694.5489253142

85.0 0.0 -694.5505352709
85.0 5.0 -694.5507505655
85.0 10.0 -694.5510117767
85.0 15.0 -694.5513004634
85.0 20.0 -694.5517009231
85.0 25.0 -694.5522308197
85.0 30.0 -694.5525393127
85.0 35.0 -694.5524756991
85.0 40.0 -694.5525062236
85.0 45.0 -694.5526538468
85.0 50.0 -694.5522323593
85.0 55.0 -694.5514573043
85.0 60.0 -694.5509374482
85.0 65.0 -694.5504996391
85.0 70.0 -694.5499195997
85.0 75.0 -694.5493384647
85.0 80.0 -694.5490178507
85.0 85.0 -694.5489117269
85.0 90.0 -694.5488283606

90.0 0.0 -694.5506623283
90.0 5.0 -694.5506678688
90.0 10.0 -694.5508003872
90.0 15.0 -694.5511938982
90.0 20.0 -694.5517926217
90.0 25.0 -694.5521713468
90.0 30.0 -694.5522590066
90.0 35.0 -694.5523604383
90.0 40.0 -694.5526770924
90.0 45.0 -694.5526729315
90.0 50.0 -694.5520583867
90.0 55.0 -694.5513110694
90.0 60.0 -694.5508423333
90.0 65.0 -694.5504563449
90.0 70.0 -694.5498792763
90.0 75.0 -694.5493032774
90.0 80.0 -694.5489322362
90.0 85.0 -694.5488399247
90.0 90.0 -694.5488367820

