#Time	 Transmitted Flux
0	3.0399e-32
1	4.09252e-32
2	6.21683e-32
3	4.68362e-32
4	9.28245e-32
5	-3.08074e-30
6	1.83874e-28
7	1.59955e-25
8	1.15632e-23
9	1.47436e-22
10	1.39565e-21
11	1.23166e-20
12	6.98336e-20
13	1.12377e-19
14	7.88097e-19
15	2.94328e-18
16	3.92381e-18
17	2.35961e-17
18	4.81961e-17
19	7.91836e-17
20	3.39689e-16
21	1.97906e-16
22	8.86919e-16
23	9.81781e-16
24	3.51935e-15
25	1.93977e-15
26	2.20006e-15
27	9.06235e-15
28	1.87541e-15
29	3.83006e-15
30	1.08968e-14
31	1.43609e-14
32	1.00221e-15
33	1.52687e-14
34	3.052e-14
35	1.24969e-14
36	2.03675e-14
37	6.89786e-14
38	1.61024e-13
39	1.69248e-13
40	8.55927e-14
41	1.83619e-13
42	4.6276e-14
43	1.58304e-13
44	1.37603e-13
45	9.93387e-15
46	9.87553e-14
47	3.23993e-13
48	5.7293e-13
49	9.21153e-13
50	1.19382e-12
51	1.55874e-12
52	2.58278e-12
53	4.16008e-12
54	5.72402e-12
55	6.69138e-12
56	5.99213e-12
57	5.3783e-12
58	7.58586e-12
59	1.09715e-11
60	1.05109e-11
61	1.02672e-11
62	1.48195e-11
63	1.38979e-11
64	1.59404e-11
65	2.13483e-11
66	2.00221e-11
67	2.9264e-11
68	2.76087e-11
69	3.73065e-11
70	3.65943e-11
71	4.60017e-11
72	4.43406e-11
73	5.62722e-11
74	5.09416e-11
75	6.44206e-11
76	6.15979e-11
77	6.794e-11
78	7.4829e-11
79	7.20348e-11
80	8.73968e-11
81	8.25771e-11
82	8.99958e-11
83	1.06748e-10
84	9.81835e-11
85	1.10887e-10
86	1.30155e-10
87	1.24054e-10
88	1.3792e-10
89	1.6213e-10
90	1.59045e-10
91	1.70247e-10
92	2.07796e-10
93	2.17083e-10
94	2.10807e-10
95	2.45845e-10
96	2.94398e-10
97	3.01094e-10
98	2.99666e-10
99	3.45049e-10
100	4.05219e-10
101	4.24221e-10
102	4.28373e-10
103	4.78953e-10
104	5.61979e-10
105	6.08804e-10
106	6.10018e-10
107	6.36669e-10
108	7.36374e-10
109	8.6059e-10
110	9.27387e-10
111	9.30634e-10
112	9.5143e-10
113	1.06005e-09
114	1.2328e-09
115	1.37979e-09
116	1.4459e-09
117	1.47107e-09
118	1.54708e-09
119	1.72321e-09
120	1.95657e-09
121	2.15404e-09
122	2.26056e-09
123	2.31324e-09
124	2.41258e-09
125	2.63891e-09
126	2.98607e-09
127	3.36139e-09
128	3.65186e-09
129	3.8072e-09
130	3.87737e-09
131	3.98463e-09
132	4.24681e-09
133	4.70664e-09
134	5.30478e-09
135	5.91448e-09
136	6.41201e-09
137	6.74373e-09
138	6.95567e-09
139	7.16842e-09
140	7.51952e-09
141	8.09651e-09
142	8.89725e-09
143	9.83274e-09
144	1.07687e-08
145	1.15832e-08
146	1.22208e-08
147	1.27184e-08
148	1.3191e-08
149	1.37924e-08
150	1.46565e-08
151	1.58516e-08
152	1.73528e-08
153	1.90502e-08
154	2.07809e-08
155	2.23803e-08
156	2.37322e-08
157	2.48059e-08
158	2.56665e-08
159	2.64625e-08
160	2.73904e-08
161	2.86487e-08
162	3.03907e-08
163	3.26887e-08
164	3.55211e-08
165	3.87723e-08
166	4.22629e-08
167	4.57814e-08
168	4.9133e-08
169	5.21717e-08
170	5.48322e-08
171	5.71406e-08
172	5.9208e-08
173	6.1216e-08
174	6.33856e-08
175	6.59393e-08
176	6.9072e-08
177	7.29204e-08
178	7.75443e-08
179	8.29216e-08
180	8.89503e-08
181	9.54699e-08
182	1.0228e-07
183	1.09173e-07
184	1.1596e-07
185	1.22497e-07
186	1.28702e-07
187	1.34564e-07
188	1.40151e-07
189	1.45595e-07
190	1.51083e-07
191	1.5684e-07
192	1.631e-07
193	1.70092e-07
194	1.78015e-07
195	1.87023e-07
196	1.97208e-07
197	2.08595e-07
198	2.21143e-07
199	2.34745e-07
200	2.49238e-07
201	2.6442e-07
202	2.80063e-07
203	2.9593e-07
204	3.11791e-07
205	3.27449e-07
206	3.4274e-07
207	3.57551e-07
208	3.71827e-07
209	3.85572e-07
210	3.98851e-07
211	4.11782e-07
212	4.24534e-07
213	4.37317e-07
214	4.50374e-07
215	4.63967e-07
216	4.78368e-07
217	4.93844e-07
218	5.10652e-07
219	5.29022e-07
220	5.49156e-07
221	5.71212e-07
222	5.95307e-07
223	6.2151e-07
224	6.49835e-07
225	6.80257e-07
226	7.12698e-07
227	7.47047e-07
228	7.83152e-07
229	8.20838e-07
230	8.59904e-07
231	9.00143e-07
232	9.41338e-07
233	9.83277e-07
234	1.02575e-06
235	1.06856e-06
236	1.11154e-06
237	1.15453e-06
238	1.1974e-06
239	1.24003e-06
240	1.28234e-06
241	1.32428e-06
242	1.36582e-06
243	1.40695e-06
244	1.44769e-06
245	1.48808e-06
246	1.52819e-06
247	1.5681e-06
248	1.60791e-06
249	1.64773e-06
250	1.68769e-06
251	1.72793e-06
252	1.76857e-06
253	1.80976e-06
254	1.85164e-06
255	1.89434e-06
256	1.93798e-06
257	1.98267e-06
258	2.02852e-06
259	2.07562e-06
260	2.12402e-06
261	2.1738e-06
262	2.225e-06
263	2.27763e-06
264	2.33171e-06
265	2.38724e-06
266	2.4442e-06
267	2.50256e-06
268	2.56229e-06
269	2.62335e-06
270	2.68568e-06
271	2.74922e-06
272	2.81391e-06
273	2.87969e-06
274	2.94646e-06
275	3.01417e-06
276	3.08272e-06
277	3.15202e-06
278	3.22199e-06
279	3.29253e-06
280	3.36354e-06
281	3.43492e-06
282	3.50656e-06
283	3.57836e-06
284	3.65021e-06
285	3.72199e-06
286	3.79359e-06
287	3.86491e-06
288	3.93583e-06
289	4.00626e-06
290	4.0761e-06
291	4.14524e-06
292	4.21361e-06
293	4.28111e-06
294	4.34769e-06
295	4.41327e-06
296	4.47781e-06
297	4.54124e-06
298	4.60354e-06
299	4.66467e-06
300	4.7246e-06
301	4.78332e-06
302	4.84082e-06
303	4.89707e-06
304	4.95209e-06
305	5.00585e-06
306	5.05837e-06
307	5.10963e-06
308	5.15962e-06
309	5.20834e-06
310	5.25578e-06
311	5.30192e-06
312	5.34674e-06
313	5.39023e-06
314	5.43235e-06
315	5.47308e-06
316	5.51237e-06
317	5.5502e-06
318	5.58652e-06
319	5.62129e-06
320	5.65446e-06
321	5.68599e-06
322	5.71583e-06
323	5.74394e-06
324	5.77029e-06
325	5.79482e-06
326	5.81751e-06
327	5.83832e-06
328	5.85722e-06
329	5.8742e-06
330	5.88923e-06
331	5.90231e-06
332	5.91344e-06
333	5.92261e-06
334	5.92983e-06
335	5.93511e-06
336	5.93848e-06
337	5.93995e-06
338	5.93955e-06
339	5.93732e-06
340	5.93329e-06
341	5.92751e-06
342	5.92e-06
343	5.91081e-06
344	5.89999e-06
345	5.88758e-06
346	5.87362e-06
347	5.85817e-06
348	5.84126e-06
349	5.82293e-06
350	5.80323e-06
351	5.78219e-06
352	5.75985e-06
353	5.73625e-06
354	5.71142e-06
355	5.68538e-06
356	5.65817e-06
357	5.62982e-06
358	5.60034e-06
359	5.56975e-06
360	5.53809e-06
361	5.50535e-06
362	5.47157e-06
363	5.43676e-06
364	5.40092e-06
365	5.36408e-06
366	5.32625e-06
367	5.28744e-06
368	5.24766e-06
369	5.20694e-06
370	5.16528e-06
371	5.12269e-06
372	5.07921e-06
373	5.03484e-06
374	4.98961e-06
375	4.94353e-06
376	4.89664e-06
377	4.84895e-06
378	4.8005e-06
379	4.75131e-06
380	4.70142e-06
381	4.65087e-06
382	4.59967e-06
383	4.54789e-06
384	4.49555e-06
385	4.44269e-06
386	4.38936e-06
387	4.33561e-06
388	4.28147e-06
389	4.227e-06
390	4.17223e-06
391	4.11722e-06
392	4.062e-06
393	4.00664e-06
394	3.95117e-06
395	3.89563e-06
396	3.84008e-06
397	3.78455e-06
398	3.72909e-06
399	3.67374e-06
400	3.61853e-06
401	3.56351e-06
402	3.50871e-06
403	3.45417e-06
404	3.3999e-06
405	3.34596e-06
406	3.29236e-06
407	3.23913e-06
408	3.18629e-06
409	3.13387e-06
410	3.08189e-06
411	3.03036e-06
412	2.97931e-06
413	2.92874e-06
414	2.87868e-06
415	2.82914e-06
416	2.78012e-06
417	2.73163e-06
418	2.68369e-06
419	2.6363e-06
420	2.58946e-06
421	2.54319e-06
422	2.49748e-06
423	2.45235e-06
424	2.40778e-06
425	2.36379e-06
426	2.32037e-06
427	2.27754e-06
428	2.23528e-06
429	2.1936e-06
430	2.1525e-06
431	2.11198e-06
432	2.07205e-06
433	2.03269e-06
434	1.99392e-06
435	1.95574e-06
436	1.91814e-06
437	1.88113e-06
438	1.84471e-06
439	1.80889e-06
440	1.77366e-06
441	1.73904e-06
442	1.70504e-06
443	1.67165e-06
444	1.63888e-06
445	1.60676e-06
446	1.57529e-06
447	1.54448e-06
448	1.51434e-06
449	1.4849e-06
450	1.45617e-06
451	1.42818e-06
452	1.40094e-06
453	1.37447e-06
454	1.34881e-06
455	1.32399e-06
456	1.30003e-06
457	1.27697e-06
458	1.25484e-06
459	1.23369e-06
460	1.21354e-06
461	1.19445e-06
462	1.17646e-06
463	1.15962e-06
464	1.14398e-06
465	1.12959e-06
466	1.1165e-06
467	1.10479e-06
468	1.0945e-06
469	1.0857e-06
470	1.07845e-06
471	1.07283e-06
472	1.06891e-06
473	1.06675e-06
474	1.06644e-06
475	1.06805e-06
476	1.07166e-06
477	1.07736e-06
478	1.08523e-06
479	1.09535e-06
480	1.10781e-06
481	1.12272e-06
482	1.14015e-06
483	1.1602e-06
484	1.18298e-06
485	1.20857e-06
486	1.23709e-06
487	1.26862e-06
488	1.30328e-06
489	1.34116e-06
490	1.38238e-06
491	1.42704e-06
492	1.47524e-06
493	1.52711e-06
494	1.58274e-06
495	1.64225e-06
496	1.70575e-06
497	1.77335e-06
498	1.84516e-06
499	1.92129e-06
500	2.00186e-06
501	2.08698e-06
502	2.17676e-06
503	2.27131e-06
504	2.37074e-06
505	2.47517e-06
506	2.58469e-06
507	2.69942e-06
508	2.81946e-06
509	2.94492e-06
510	3.07589e-06
511	3.21249e-06
512	3.35481e-06
513	3.50294e-06
514	3.65698e-06
515	3.81701e-06
516	3.98313e-06
517	4.15542e-06
518	4.33395e-06
519	4.51881e-06
520	4.71006e-06
521	4.90778e-06
522	5.11203e-06
523	5.32286e-06
524	5.54033e-06
525	5.76449e-06
526	5.99538e-06
527	6.23304e-06
528	6.4775e-06
529	6.72878e-06
530	6.98691e-06
531	7.25189e-06
532	7.52373e-06
533	7.80244e-06
534	8.088e-06
535	8.38039e-06
536	8.67961e-06
537	8.9856e-06
538	9.29835e-06
539	9.6178e-06
540	9.94389e-06
541	1.02766e-05
542	1.06158e-05
543	1.09614e-05
544	1.13134e-05
545	1.16716e-05
546	1.2036e-05
547	1.24064e-05
548	1.27828e-05
549	1.31649e-05
550	1.35527e-05
551	1.3946e-05
552	1.43446e-05
553	1.47483e-05
554	1.51571e-05
555	1.55707e-05
556	1.59889e-05
557	1.64114e-05
558	1.68382e-05
559	1.7269e-05
560	1.77035e-05
561	1.81415e-05
562	1.85827e-05
563	1.9027e-05
564	1.94739e-05
565	1.99233e-05
566	2.03749e-05
567	2.08283e-05
568	2.12832e-05
569	2.17395e-05
570	2.21966e-05
571	2.26543e-05
572	2.31124e-05
573	2.35703e-05
574	2.40278e-05
575	2.44845e-05
576	2.494e-05
577	2.53941e-05
578	2.58462e-05
579	2.6296e-05
580	2.67432e-05
581	2.71872e-05
582	2.76279e-05
583	2.80646e-05
584	2.8497e-05
585	2.89248e-05
586	2.93474e-05
587	2.97645e-05
588	3.01756e-05
589	3.05804e-05
590	3.09784e-05
591	3.13692e-05
592	3.17523e-05
593	3.21274e-05
594	3.24939e-05
595	3.28516e-05
596	3.32e-05
597	3.35386e-05
598	3.38671e-05
599	3.4185e-05
600	3.4492e-05
601	3.47877e-05
602	3.50716e-05
603	3.53434e-05
604	3.56028e-05
605	3.58493e-05
606	3.60826e-05
607	3.63024e-05
608	3.65083e-05
609	3.67e-05
610	3.68771e-05
611	3.70395e-05
612	3.71868e-05
613	3.73187e-05
614	3.74349e-05
615	3.75353e-05
616	3.76196e-05
617	3.76876e-05
618	3.77391e-05
619	3.77738e-05
620	3.77917e-05
621	3.77926e-05
622	3.77764e-05
623	3.77429e-05
624	3.76921e-05
625	3.76239e-05
626	3.75383e-05
627	3.74351e-05
628	3.73145e-05
629	3.71764e-05
630	3.70209e-05
631	3.6848e-05
632	3.66577e-05
633	3.64503e-05
634	3.62257e-05
635	3.59842e-05
636	3.5726e-05
637	3.54511e-05
638	3.51598e-05
639	3.48524e-05
640	3.45291e-05
641	3.41902e-05
642	3.3836e-05
643	3.34668e-05
644	3.30829e-05
645	3.26848e-05
646	3.22728e-05
647	3.18473e-05
648	3.14088e-05
649	3.09577e-05
650	3.04945e-05
651	3.00197e-05
652	2.95338e-05
653	2.90373e-05
654	2.85309e-05
655	2.8015e-05
656	2.74903e-05
657	2.69573e-05
658	2.64168e-05
659	2.58693e-05
660	2.53154e-05
661	2.47559e-05
662	2.41915e-05
663	2.36227e-05
664	2.30504e-05
665	2.24752e-05
666	2.18978e-05
667	2.13191e-05
668	2.07396e-05
669	2.01602e-05
670	1.95815e-05
671	1.90045e-05
672	1.84297e-05
673	1.78579e-05
674	1.72899e-05
675	1.67265e-05
676	1.61683e-05
677	1.56162e-05
678	1.50708e-05
679	1.45329e-05
680	1.40032e-05
681	1.34824e-05
682	1.29713e-05
683	1.24705e-05
684	1.19807e-05
685	1.15026e-05
686	1.10368e-05
687	1.0584e-05
688	1.01448e-05
689	9.71978e-06
690	9.30955e-06
691	8.91466e-06
692	8.53568e-06
693	8.17313e-06
694	7.8275e-06
695	7.49928e-06
696	7.18892e-06
697	6.89686e-06
698	6.6235e-06
699	6.36921e-06
700	6.13436e-06
701	5.91925e-06
702	5.7242e-06
703	5.54945e-06
704	5.39526e-06
705	5.26182e-06
706	5.14931e-06
707	5.05788e-06
708	4.98763e-06
709	4.93866e-06
710	4.911e-06
711	4.90469e-06
712	4.91969e-06
713	4.95597e-06
714	5.01344e-06
715	5.092e-06
716	5.1915e-06
717	5.31176e-06
718	5.45259e-06
719	5.61373e-06
720	5.79491e-06
721	5.99585e-06
722	6.2162e-06
723	6.45561e-06
724	6.71368e-06
725	6.99e-06
726	7.28412e-06
727	7.59556e-06
728	7.92382e-06
729	8.26839e-06
730	8.6287e-06
731	9.00419e-06
732	9.39425e-06
733	9.79827e-06
734	1.02156e-05
735	1.06456e-05
736	1.10876e-05
737	1.15408e-05
738	1.20047e-05
739	1.24783e-05
740	1.29611e-05
741	1.34523e-05
742	1.3951e-05
743	1.44565e-05
744	1.49681e-05
745	1.5485e-05
746	1.60062e-05
747	1.65312e-05
748	1.70589e-05
749	1.75888e-05
750	1.81198e-05
751	1.86514e-05
752	1.91825e-05
753	1.97125e-05
754	2.02405e-05
755	2.07658e-05
756	2.12876e-05
757	2.18051e-05
758	2.23175e-05
759	2.28241e-05
760	2.33243e-05
761	2.38171e-05
762	2.4302e-05
763	2.47783e-05
764	2.52452e-05
765	2.57022e-05
766	2.61486e-05
767	2.65837e-05
768	2.7007e-05
769	2.7418e-05
770	2.78161e-05
771	2.82007e-05
772	2.85713e-05
773	2.89276e-05
774	2.92691e-05
775	2.95953e-05
776	2.99058e-05
777	3.02004e-05
778	3.04786e-05
779	3.07403e-05
780	3.09851e-05
781	3.12127e-05
782	3.14231e-05
783	3.16159e-05
784	3.17911e-05
785	3.19486e-05
786	3.20883e-05
787	3.22102e-05
788	3.23141e-05
789	3.24002e-05
790	3.24686e-05
791	3.25191e-05
792	3.25521e-05
793	3.25676e-05
794	3.25658e-05
795	3.25469e-05
796	3.25111e-05
797	3.24587e-05
798	3.239e-05
799	3.23052e-05
800	3.22048e-05
801	3.2089e-05
802	3.19583e-05
803	3.1813e-05
804	3.16537e-05
805	3.14807e-05
806	3.12946e-05
807	3.10957e-05
808	3.08847e-05
809	3.06621e-05
810	3.04284e-05
811	3.01841e-05
812	2.99299e-05
813	2.96663e-05
814	2.9394e-05
815	2.91135e-05
816	2.88255e-05
817	2.85306e-05
818	2.82294e-05
819	2.79225e-05
820	2.76107e-05
821	2.72945e-05
822	2.69746e-05
823	2.66517e-05
824	2.63264e-05
825	2.59993e-05
826	2.56711e-05
827	2.53425e-05
828	2.5014e-05
829	2.46863e-05
830	2.436e-05
831	2.40358e-05
832	2.37141e-05
833	2.33957e-05
834	2.3081e-05
835	2.27708e-05
836	2.24654e-05
837	2.21654e-05
838	2.18714e-05
839	2.15838e-05
840	2.13032e-05
841	2.10299e-05
842	2.07645e-05
843	2.05074e-05
844	2.02589e-05
845	2.00195e-05
846	1.97894e-05
847	1.95691e-05
848	1.93588e-05
849	1.91589e-05
850	1.89695e-05
851	1.8791e-05
852	1.86235e-05
853	1.84673e-05
854	1.83225e-05
855	1.81892e-05
856	1.80675e-05
857	1.79576e-05
858	1.78595e-05
859	1.77732e-05
860	1.76988e-05
861	1.76362e-05
862	1.75854e-05
863	1.75463e-05
864	1.75189e-05
865	1.7503e-05
866	1.74985e-05
867	1.75052e-05
868	1.7523e-05
869	1.75516e-05
870	1.75909e-05
871	1.76406e-05
872	1.77003e-05
873	1.777e-05
874	1.78491e-05
875	1.79375e-05
876	1.80347e-05
877	1.81404e-05
878	1.82543e-05
879	1.8376e-05
880	1.8505e-05
881	1.86409e-05
882	1.87834e-05
883	1.89319e-05
884	1.90861e-05
885	1.92455e-05
886	1.94096e-05
887	1.95779e-05
888	1.975e-05
889	1.99254e-05
890	2.01036e-05
891	2.02841e-05
892	2.04664e-05
893	2.065e-05
894	2.08345e-05
895	2.10193e-05
896	2.12039e-05
897	2.13878e-05
898	2.15706e-05
899	2.17518e-05
900	2.19309e-05
901	2.21075e-05
902	2.2281e-05
903	2.2451e-05
904	2.26171e-05
905	2.27789e-05
906	2.29359e-05
907	2.30876e-05
908	2.32338e-05
909	2.3374e-05
910	2.35079e-05
911	2.3635e-05
912	2.37551e-05
913	2.38678e-05
914	2.39728e-05
915	2.40699e-05
916	2.41586e-05
917	2.42389e-05
918	2.43104e-05
919	2.43729e-05
920	2.44261e-05
921	2.447e-05
922	2.45044e-05
923	2.45291e-05
924	2.45439e-05
925	2.45488e-05
926	2.45436e-05
927	2.45284e-05
928	2.4503e-05
929	2.44674e-05
930	2.44217e-05
931	2.43657e-05
932	2.42996e-05
933	2.42234e-05
934	2.41372e-05
935	2.40409e-05
936	2.39348e-05
937	2.3819e-05
938	2.36936e-05
939	2.35587e-05
940	2.34145e-05
941	2.32613e-05
942	2.30992e-05
943	2.29284e-05
944	2.27491e-05
945	2.25617e-05
946	2.23664e-05
947	2.21634e-05
948	2.19531e-05
949	2.17357e-05
950	2.15115e-05
951	2.1281e-05
952	2.10443e-05
953	2.08019e-05
954	2.05541e-05
955	2.03013e-05
956	2.00438e-05
957	1.97819e-05
958	1.95162e-05
959	1.92468e-05
960	1.89743e-05
961	1.86991e-05
962	1.84214e-05
963	1.81417e-05
964	1.78604e-05
965	1.75778e-05
966	1.72945e-05
967	1.70106e-05
968	1.67267e-05
969	1.64432e-05
970	1.61603e-05
971	1.58784e-05
972	1.5598e-05
973	1.53194e-05
974	1.50429e-05
975	1.4769e-05
976	1.44978e-05
977	1.42298e-05
978	1.39653e-05
979	1.37046e-05
980	1.3448e-05
981	1.31957e-05
982	1.29481e-05
983	1.27055e-05
984	1.2468e-05
985	1.2236e-05
986	1.20096e-05
987	1.1789e-05
988	1.15746e-05
989	1.13664e-05
990	1.11646e-05
991	1.09694e-05
992	1.0781e-05
993	1.05995e-05
994	1.04249e-05
995	1.02574e-05
996	1.00971e-05
997	9.94403e-06
998	9.79827e-06
999	9.65986e-06
1000	9.52881e-06
1001	9.40514e-06
1002	9.28885e-06
1003	9.17992e-06
1004	9.07832e-06
1005	8.98399e-06
1006	8.89688e-06
1007	8.81691e-06
1008	8.74399e-06
1009	8.67803e-06
1010	8.6189e-06
1011	8.56648e-06
1012	8.52062e-06
1013	8.48119e-06
1014	8.44801e-06
1015	8.42091e-06
1016	8.3997e-06
1017	8.3842e-06
1018	8.37419e-06
1019	8.36947e-06
1020	8.36982e-06
1021	8.375e-06
1022	8.38477e-06
1023	8.3989e-06
1024	8.41714e-06
1025	8.43923e-06
1026	8.46491e-06
1027	8.49392e-06
1028	8.52598e-06
1029	8.56084e-06
1030	8.59821e-06
1031	8.63782e-06
1032	8.67939e-06
1033	8.72265e-06
1034	8.76732e-06
1035	8.81312e-06
1036	8.85978e-06
1037	8.90702e-06
1038	8.95457e-06
1039	9.00217e-06
1040	9.04954e-06
1041	9.09643e-06
1042	9.14258e-06
1043	9.18773e-06
1044	9.23165e-06
1045	9.2741e-06
1046	9.31483e-06
1047	9.35362e-06
1048	9.39026e-06
1049	9.42454e-06
1050	9.45625e-06
1051	9.48519e-06
1052	9.51119e-06
1053	9.53407e-06
1054	9.55366e-06
1055	9.56981e-06
1056	9.58238e-06
1057	9.59123e-06
1058	9.59623e-06
1059	9.59728e-06
1060	9.59428e-06
1061	9.58714e-06
1062	9.57578e-06
1063	9.56013e-06
1064	9.54015e-06
1065	9.51579e-06
1066	9.48702e-06
1067	9.45382e-06
1068	9.4162e-06
1069	9.37415e-06
1070	9.3277e-06
1071	9.27688e-06
1072	9.22173e-06
1073	9.1623e-06
1074	9.09866e-06
1075	9.03089e-06
1076	8.95908e-06
1077	8.88331e-06
1078	8.80371e-06
1079	8.72039e-06
1080	8.63349e-06
1081	8.54313e-06
1082	8.44947e-06
1083	8.35267e-06
1084	8.25289e-06
1085	8.1503e-06
1086	8.04509e-06
1087	7.93745e-06
1088	7.82756e-06
1089	7.71564e-06
1090	7.6019e-06
1091	7.48653e-06
1092	7.36977e-06
1093	7.25183e-06
1094	7.13294e-06
1095	7.01333e-06
1096	6.89324e-06
1097	6.7729e-06
1098	6.65255e-06
1099	6.53242e-06
1100	6.41276e-06
1101	6.2938e-06
1102	6.17579e-06
1103	6.05896e-06
1104	5.94356e-06
1105	5.82981e-06
1106	5.71796e-06
1107	5.60823e-06
1108	5.50085e-06
1109	5.39605e-06
1110	5.29404e-06
1111	5.19505e-06
1112	5.09928e-06
1113	5.00694e-06
1114	4.91822e-06
1115	4.83332e-06
1116	4.75242e-06
1117	4.67571e-06
1118	4.60335e-06
1119	4.5355e-06
1120	4.47233e-06
1121	4.41397e-06
1122	4.36057e-06
1123	4.31225e-06
1124	4.26912e-06
1125	4.23131e-06
1126	4.1989e-06
1127	4.17198e-06
1128	4.15064e-06
1129	4.13494e-06
1130	4.12493e-06
1131	4.12067e-06
1132	4.12218e-06
1133	4.12949e-06
1134	4.14262e-06
1135	4.16157e-06
1136	4.18633e-06
1137	4.21687e-06
1138	4.25317e-06
1139	4.29519e-06
1140	4.34287e-06
1141	4.39615e-06
1142	4.45496e-06
1143	4.51921e-06
1144	4.58881e-06
1145	4.66365e-06
1146	4.74363e-06
1147	4.82861e-06
1148	4.91847e-06
1149	5.01306e-06
1150	5.11223e-06
1151	5.21582e-06
1152	5.32367e-06
1153	5.4356e-06
1154	5.55143e-06
1155	5.67097e-06
1156	5.79403e-06
1157	5.92039e-06
1158	6.04986e-06
1159	6.18222e-06
1160	6.31725e-06
1161	6.45473e-06
1162	6.59442e-06
1163	6.73611e-06
1164	6.87954e-06
1165	7.0245e-06
1166	7.17073e-06
1167	7.31799e-06
1168	7.46605e-06
1169	7.61466e-06
1170	7.76356e-06
1171	7.91253e-06
1172	8.06131e-06
1173	8.20966e-06
1174	8.35733e-06
1175	8.5041e-06
1176	8.64972e-06
1177	8.79395e-06
1178	8.93657e-06
1179	9.07735e-06
1180	9.21606e-06
1181	9.35249e-06
1182	9.48642e-06
1183	9.61764e-06
1184	9.74595e-06
1185	9.87115e-06
1186	9.99305e-06
1187	1.01115e-05
1188	1.02262e-05
1189	1.03372e-05
1190	1.04441e-05
1191	1.05469e-05
1192	1.06455e-05
1193	1.07396e-05
1194	1.08291e-05
1195	1.0914e-05
1196	1.09941e-05
1197	1.10694e-05
1198	1.11396e-05
1199	1.12049e-05
1200	1.1265e-05
1201	1.13199e-05
1202	1.13696e-05
1203	1.1414e-05
1204	1.14532e-05
1205	1.1487e-05
1206	1.15155e-05
1207	1.15386e-05
1208	1.15564e-05
1209	1.15689e-05
1210	1.15762e-05
1211	1.15781e-05
1212	1.15749e-05
1213	1.15666e-05
1214	1.15531e-05
1215	1.15347e-05
1216	1.15114e-05
1217	1.14832e-05
1218	1.14503e-05
1219	1.14128e-05
1220	1.13708e-05
1221	1.13244e-05
1222	1.12738e-05
1223	1.12191e-05
1224	1.11604e-05
1225	1.10979e-05
1226	1.10318e-05
1227	1.09622e-05
1228	1.08893e-05
1229	1.08132e-05
1230	1.07342e-05
1231	1.06524e-05
1232	1.0568e-05
1233	1.04812e-05
1234	1.03923e-05
1235	1.03013e-05
1236	1.02085e-05
1237	1.01142e-05
1238	1.00184e-05
1239	9.92141e-06
1240	9.82346e-06
1241	9.72473e-06
1242	9.62542e-06
1243	9.52574e-06
1244	9.4259e-06
1245	9.32609e-06
1246	9.22651e-06
1247	9.12738e-06
1248	9.02888e-06
1249	8.9312e-06
1250	8.83454e-06
1251	8.73909e-06
1252	8.64502e-06
1253	8.55252e-06
1254	8.46176e-06
1255	8.3729e-06
1256	8.28612e-06
1257	8.20157e-06
1258	8.1194e-06
1259	8.03977e-06
1260	7.9628e-06
1261	7.88863e-06
1262	7.8174e-06
1263	7.74922e-06
1264	7.68419e-06
1265	7.62244e-06
1266	7.56405e-06
1267	7.50912e-06
1268	7.45772e-06
1269	7.40993e-06
1270	7.36583e-06
1271	7.32546e-06
1272	7.28887e-06
1273	7.25611e-06
1274	7.22721e-06
1275	7.2022e-06
1276	7.18109e-06
1277	7.1639e-06
1278	7.15061e-06
1279	7.14123e-06
1280	7.13574e-06
1281	7.13411e-06
1282	7.13631e-06
1283	7.14231e-06
1284	7.15205e-06
1285	7.16548e-06
1286	7.18254e-06
1287	7.20315e-06
1288	7.22725e-06
1289	7.25475e-06
1290	7.28555e-06
1291	7.31957e-06
1292	7.35669e-06
1293	7.39681e-06
1294	7.43982e-06
1295	7.48559e-06
1296	7.534e-06
1297	7.58493e-06
1298	7.63822e-06
1299	7.69376e-06
1300	7.75138e-06
1301	7.81096e-06
1302	7.87233e-06
1303	7.93534e-06
1304	7.99984e-06
1305	8.06567e-06
1306	8.13267e-06
1307	8.20068e-06
1308	8.26953e-06
1309	8.33906e-06
1310	8.4091e-06
1311	8.47948e-06
1312	8.55005e-06
1313	8.62063e-06
1314	8.69107e-06
1315	8.76118e-06
1316	8.83082e-06
1317	8.89982e-06
1318	8.96801e-06
1319	9.03525e-06
1320	9.10137e-06
1321	9.16622e-06
1322	9.22966e-06
1323	9.29153e-06
1324	9.35169e-06
1325	9.41e-06
1326	9.46633e-06
1327	9.52055e-06
1328	9.57252e-06
1329	9.62213e-06
1330	9.66926e-06
1331	9.7138e-06
1332	9.75563e-06
1333	9.79467e-06
1334	9.83081e-06
1335	9.86396e-06
1336	9.89404e-06
1337	9.92098e-06
1338	9.94469e-06
1339	9.96513e-06
1340	9.98222e-06
1341	9.99591e-06
1342	1.00062e-05
1343	1.00129e-05
1344	1.00162e-05
1345	1.00159e-05
1346	1.00121e-05
1347	1.00047e-05
1348	9.99376e-06
1349	9.97922e-06
1350	9.96113e-06
1351	9.93948e-06
1352	9.9143e-06
1353	9.88562e-06
1354	9.85348e-06
1355	9.8179e-06
1356	9.77894e-06
1357	9.73665e-06
1358	9.69109e-06
1359	9.64232e-06
1360	9.5904e-06
1361	9.53541e-06
1362	9.47744e-06
1363	9.41655e-06
1364	9.35285e-06
1365	9.28642e-06
1366	9.21737e-06
1367	9.14578e-06
1368	9.07177e-06
1369	8.99545e-06
1370	8.91693e-06
1371	8.83632e-06
1372	8.75374e-06
1373	8.66932e-06
1374	8.58317e-06
1375	8.49542e-06
1376	8.4062e-06
1377	8.31564e-06
1378	8.22387e-06
1379	8.13101e-06
1380	8.03722e-06
1381	7.94261e-06
1382	7.84731e-06
1383	7.75148e-06
1384	7.65523e-06
1385	7.5587e-06
1386	7.46203e-06
1387	7.36534e-06
1388	7.26877e-06
1389	7.17245e-06
1390	7.0765e-06
1391	6.98105e-06
1392	6.88623e-06
1393	6.79215e-06
1394	6.69893e-06
1395	6.6067e-06
1396	6.51557e-06
1397	6.42563e-06
1398	6.33702e-06
1399	6.24981e-06
1400	6.16413e-06
1401	6.08006e-06
1402	5.99769e-06
1403	5.91711e-06
1404	5.83842e-06
1405	5.76167e-06
1406	5.68696e-06
1407	5.61435e-06
1408	5.54391e-06
1409	5.47569e-06
1410	5.40976e-06
1411	5.34617e-06
1412	5.28495e-06
1413	5.22616e-06
1414	5.16983e-06
1415	5.11598e-06
1416	5.06466e-06
1417	5.01586e-06
1418	4.96962e-06
1419	4.92594e-06
1420	4.88483e-06
1421	4.84629e-06
1422	4.81031e-06
1423	4.77689e-06
1424	4.74601e-06
1425	4.71765e-06
1426	4.69179e-06
1427	4.66841e-06
1428	4.64746e-06
1429	4.62892e-06
1430	4.61274e-06
1431	4.59887e-06
1432	4.58728e-06
1433	4.5779e-06
1434	4.57067e-06
1435	4.56555e-06
1436	4.56247e-06
1437	4.56135e-06
1438	4.56214e-06
1439	4.56476e-06
1440	4.56912e-06
1441	4.57517e-06
1442	4.58281e-06
1443	4.59197e-06
1444	4.60257e-06
1445	4.6145e-06
1446	4.6277e-06
1447	4.64208e-06
1448	4.65753e-06
1449	4.67398e-06
1450	4.69134e-06
1451	4.7095e-06
1452	4.72839e-06
1453	4.74791e-06
1454	4.76797e-06
1455	4.78848e-06
1456	4.80935e-06
1457	4.83049e-06
1458	4.85181e-06
1459	4.87322e-06
1460	4.89464e-06
1461	4.91599e-06
1462	4.93718e-06
1463	4.95812e-06
1464	4.97875e-06
1465	4.99899e-06
1466	5.01875e-06
1467	5.03798e-06
1468	5.0566e-06
1469	5.07454e-06
1470	5.09174e-06
1471	5.10814e-06
1472	5.12368e-06
1473	5.13831e-06
1474	5.15198e-06
1475	5.16463e-06
1476	5.17624e-06
1477	5.18675e-06
1478	5.19613e-06
1479	5.20434e-06
1480	5.21137e-06
1481	5.21717e-06
1482	5.22174e-06
1483	5.22505e-06
1484	5.22708e-06
1485	5.22784e-06
1486	5.22731e-06
1487	5.22548e-06
1488	5.22238e-06
1489	5.21798e-06
1490	5.21232e-06
1491	5.2054e-06
1492	5.19723e-06
1493	5.18785e-06
1494	5.17727e-06
1495	5.16551e-06
1496	5.15262e-06
1497	5.13863e-06
1498	5.12357e-06
1499	5.10749e-06
1500	5.09042e-06
1501	5.07243e-06
1502	5.05355e-06
1503	5.03385e-06
1504	5.01337e-06
1505	4.99218e-06
1506	4.97033e-06
1507	4.94789e-06
1508	4.92492e-06
1509	4.90149e-06
1510	4.87767e-06
1511	4.85353e-06
1512	4.82913e-06
1513	4.80456e-06
1514	4.77988e-06
1515	4.75517e-06
1516	4.7305e-06
1517	4.70595e-06
1518	4.6816e-06
1519	4.65752e-06
1520	4.6338e-06
1521	4.61049e-06
1522	4.58769e-06
1523	4.56546e-06
1524	4.54389e-06
1525	4.52304e-06
1526	4.50298e-06
1527	4.4838e-06
1528	4.46556e-06
1529	4.44833e-06
1530	4.43217e-06
1531	4.41716e-06
1532	4.40336e-06
1533	4.39082e-06
1534	4.37961e-06
1535	4.36979e-06
1536	4.36141e-06
1537	4.35452e-06
1538	4.34918e-06
1539	4.34542e-06
1540	4.3433e-06
1541	4.34285e-06
1542	4.34412e-06
1543	4.34713e-06
1544	4.35192e-06
1545	4.35853e-06
1546	4.36696e-06
1547	4.37725e-06
1548	4.38941e-06
1549	4.40347e-06
1550	4.41942e-06
1551	4.43728e-06
1552	4.45705e-06
1553	4.47873e-06
1554	4.50232e-06
1555	4.52781e-06
1556	4.5552e-06
1557	4.58446e-06
1558	4.61559e-06
1559	4.64855e-06
1560	4.68334e-06
1561	4.71991e-06
1562	4.75823e-06
1563	4.79828e-06
1564	4.84002e-06
1565	4.8834e-06
1566	4.92839e-06
1567	4.97492e-06
1568	5.02296e-06
1569	5.07246e-06
1570	5.12335e-06
1571	5.17558e-06
1572	5.22909e-06
1573	5.28382e-06
1574	5.3397e-06
1575	5.39666e-06
1576	5.45464e-06
1577	5.51357e-06
1578	5.57337e-06
1579	5.63396e-06
1580	5.69528e-06
1581	5.75725e-06
1582	5.81978e-06
1583	5.88281e-06
1584	5.94624e-06
1585	6.01e-06
1586	6.07401e-06
1587	6.13819e-06
1588	6.20245e-06
1589	6.26672e-06
1590	6.3309e-06
1591	6.39493e-06
1592	6.45872e-06
1593	6.52218e-06
1594	6.58524e-06
1595	6.64782e-06
1596	6.70983e-06
1597	6.77122e-06
1598	6.83189e-06
1599	6.89177e-06
1600	6.95079e-06
1601	7.00888e-06
1602	7.06597e-06
1603	7.12199e-06
1604	7.17687e-06
1605	7.23056e-06
1606	7.28298e-06
1607	7.33409e-06
1608	7.38383e-06
1609	7.43213e-06
1610	7.47896e-06
1611	7.52426e-06
1612	7.56798e-06
1613	7.61009e-06
1614	7.65054e-06
1615	7.6893e-06
1616	7.72633e-06
1617	7.76161e-06
1618	7.7951e-06
1619	7.82678e-06
1620	7.85663e-06
1621	7.88463e-06
1622	7.91077e-06
1623	7.93504e-06
1624	7.95742e-06
1625	7.97792e-06
1626	7.99653e-06
1627	8.01325e-06
1628	8.02809e-06
1629	8.04106e-06
1630	8.05216e-06
1631	8.06142e-06
1632	8.06885e-06
1633	8.07446e-06
1634	8.07829e-06
1635	8.08035e-06
1636	8.08068e-06
1637	8.07931e-06
1638	8.07627e-06
1639	8.0716e-06
1640	8.06534e-06
1641	8.05753e-06
1642	8.04821e-06
1643	8.03743e-06
1644	8.02523e-06
1645	8.01167e-06
1646	7.9968e-06
1647	7.98066e-06
1648	7.96333e-06
1649	7.94484e-06
1650	7.92527e-06
1651	7.90466e-06
1652	7.88308e-06
1653	7.86059e-06
1654	7.83726e-06
1655	7.81314e-06
1656	7.7883e-06
1657	7.76279e-06
1658	7.7367e-06
1659	7.71007e-06
1660	7.68298e-06
1661	7.65549e-06
1662	7.62767e-06
1663	7.59957e-06
1664	7.57126e-06
1665	7.5428e-06
1666	7.51426e-06
1667	7.4857e-06
1668	7.45717e-06
1669	7.42875e-06
1670	7.40048e-06
1671	7.37242e-06
1672	7.34463e-06
1673	7.31716e-06
1674	7.29007e-06
1675	7.2634e-06
1676	7.23721e-06
1677	7.21154e-06
1678	7.18644e-06
1679	7.16195e-06
1680	7.13811e-06
1681	7.11496e-06
1682	7.09254e-06
1683	7.07088e-06
1684	7.05001e-06
1685	7.02997e-06
1686	7.01077e-06
1687	6.99246e-06
1688	6.97503e-06
1689	6.95853e-06
1690	6.94295e-06
1691	6.92832e-06
1692	6.91466e-06
1693	6.90195e-06
1694	6.89022e-06
1695	6.87947e-06
1696	6.8697e-06
1697	6.8609e-06
1698	6.85307e-06
1699	6.84621e-06
1700	6.84031e-06
1701	6.83534e-06
1702	6.83131e-06
1703	6.82819e-06
1704	6.82596e-06
1705	6.82461e-06
1706	6.8241e-06
1707	6.82441e-06
1708	6.82552e-06
1709	6.82739e-06
1710	6.82999e-06
1711	6.83329e-06
1712	6.83725e-06
1713	6.84183e-06
1714	6.847e-06
1715	6.85271e-06
1716	6.85892e-06
1717	6.86559e-06
1718	6.87267e-06
1719	6.88012e-06
1720	6.88788e-06
1721	6.89592e-06
1722	6.90417e-06
1723	6.9126e-06
1724	6.92114e-06
1725	6.92976e-06
1726	6.93839e-06
1727	6.94699e-06
1728	6.9555e-06
1729	6.96388e-06
1730	6.97206e-06
1731	6.98e-06
1732	6.98764e-06
1733	6.99493e-06
1734	7.00183e-06
1735	7.00827e-06
1736	7.01422e-06
1737	7.01961e-06
1738	7.0244e-06
1739	7.02855e-06
1740	7.03201e-06
1741	7.03472e-06
1742	7.03665e-06
1743	7.03775e-06
1744	7.03799e-06
1745	7.03731e-06
1746	7.03568e-06
1747	7.03306e-06
1748	7.02942e-06
1749	7.02471e-06
1750	7.01892e-06
1751	7.01201e-06
1752	7.00394e-06
1753	6.9947e-06
1754	6.98425e-06
1755	6.97258e-06
1756	6.95966e-06
1757	6.94548e-06
1758	6.93001e-06
1759	6.91325e-06
1760	6.89517e-06
1761	6.87578e-06
1762	6.85506e-06
1763	6.83301e-06
1764	6.80963e-06
1765	6.7849e-06
1766	6.75885e-06
1767	6.73145e-06
1768	6.70274e-06
1769	6.6727e-06
1770	6.64136e-06
1771	6.60872e-06
1772	6.5748e-06
1773	6.53961e-06
1774	6.50317e-06
1775	6.46551e-06
1776	6.42665e-06
1777	6.3866e-06
1778	6.3454e-06
1779	6.30308e-06
1780	6.25966e-06
1781	6.21517e-06
1782	6.16966e-06
1783	6.12314e-06
1784	6.07567e-06
1785	6.02727e-06
1786	5.97799e-06
1787	5.92786e-06
1788	5.87693e-06
1789	5.82524e-06
1790	5.77283e-06
1791	5.71975e-06
1792	5.66603e-06
1793	5.61174e-06
1794	5.55691e-06
1795	5.50159e-06
1796	5.44583e-06
1797	5.38967e-06
1798	5.33317e-06
1799	5.27637e-06
1800	5.21932e-06
1801	5.16207e-06
1802	5.10468e-06
1803	5.04718e-06
1804	4.98962e-06
1805	4.93206e-06
1806	4.87455e-06
1807	4.81712e-06
1808	4.75983e-06
1809	4.70272e-06
1810	4.64584e-06
1811	4.58923e-06
1812	4.53294e-06
1813	4.47701e-06
1814	4.42149e-06
1815	4.36641e-06
1816	4.31181e-06
1817	4.25773e-06
1818	4.20422e-06
1819	4.15131e-06
1820	4.09902e-06
1821	4.04741e-06
1822	3.99649e-06
1823	3.9463e-06
1824	3.89688e-06
1825	3.84824e-06
1826	3.80041e-06
1827	3.75342e-06
1828	3.7073e-06
1829	3.66206e-06
1830	3.61772e-06
1831	3.5743e-06
1832	3.53182e-06
1833	3.49029e-06
1834	3.44973e-06
1835	3.41014e-06
1836	3.37154e-06
1837	3.33393e-06
1838	3.29732e-06
1839	3.26171e-06
1840	3.22711e-06
1841	3.19351e-06
1842	3.16092e-06
1843	3.12934e-06
1844	3.09875e-06
1845	3.06916e-06
1846	3.04055e-06
1847	3.01292e-06
1848	2.98626e-06
1849	2.96056e-06
1850	2.93579e-06
1851	2.91196e-06
1852	2.88904e-06
1853	2.86701e-06
1854	2.84586e-06
1855	2.82557e-06
1856	2.80612e-06
1857	2.78749e-06
1858	2.76965e-06
1859	2.75258e-06
1860	2.73626e-06
1861	2.72066e-06
1862	2.70576e-06
1863	2.69153e-06
1864	2.67794e-06
1865	2.66497e-06
1866	2.65259e-06
1867	2.64077e-06
1868	2.62948e-06
1869	2.6187e-06
1870	2.6084e-06
1871	2.59854e-06
1872	2.5891e-06
1873	2.58005e-06
1874	2.57136e-06
1875	2.563e-06
1876	2.55494e-06
1877	2.54717e-06
1878	2.53964e-06
1879	2.53233e-06
1880	2.52521e-06
1881	2.51827e-06
1882	2.51147e-06
1883	2.50478e-06
1884	2.49819e-06
1885	2.49167e-06
1886	2.4852e-06
1887	2.47876e-06
1888	2.47232e-06
1889	2.46586e-06
1890	2.45937e-06
1891	2.45283e-06
1892	2.44623e-06
1893	2.43954e-06
1894	2.43275e-06
1895	2.42584e-06
1896	2.41882e-06
1897	2.41166e-06
1898	2.40435e-06
1899	2.39689e-06
1900	2.38926e-06
1901	2.38147e-06
1902	2.3735e-06
1903	2.36536e-06
1904	2.35704e-06
1905	2.34854e-06
1906	2.33985e-06
1907	2.33099e-06
1908	2.32195e-06
1909	2.31274e-06
1910	2.30336e-06
1911	2.29382e-06
1912	2.28412e-06
1913	2.27428e-06
1914	2.2643e-06
1915	2.25419e-06
1916	2.24398e-06
1917	2.23366e-06
1918	2.22325e-06
1919	2.21278e-06
1920	2.20225e-06
1921	2.19168e-06
1922	2.18109e-06
1923	2.17049e-06
1924	2.15992e-06
1925	2.14938e-06
1926	2.1389e-06
1927	2.1285e-06
1928	2.1182e-06
1929	2.10803e-06
1930	2.098e-06
1931	2.08814e-06
1932	2.07848e-06
1933	2.06904e-06
1934	2.05984e-06
1935	2.05091e-06
1936	2.04227e-06
1937	2.03395e-06
1938	2.02597e-06
1939	2.01836e-06
1940	2.01114e-06
1941	2.00434e-06
1942	1.99798e-06
1943	1.99209e-06
1944	1.98669e-06
1945	1.9818e-06
1946	1.97744e-06
1947	1.97365e-06
1948	1.97044e-06
1949	1.96783e-06
1950	1.96584e-06
1951	1.9645e-06
1952	1.96382e-06
1953	1.96383e-06
1954	1.96454e-06
1955	1.96597e-06
1956	1.96813e-06
1957	1.97104e-06
1958	1.97471e-06
1959	1.97917e-06
1960	1.98442e-06
1961	1.99046e-06
1962	1.99732e-06
1963	2.00501e-06
1964	2.01352e-06
1965	2.02287e-06
1966	2.03307e-06
1967	2.04411e-06
1968	2.05601e-06
1969	2.06876e-06
1970	2.08237e-06
1971	2.09683e-06
1972	2.11215e-06
1973	2.12832e-06
1974	2.14534e-06
1975	2.1632e-06
1976	2.1819e-06
1977	2.20143e-06
1978	2.22178e-06
1979	2.24295e-06
1980	2.26492e-06
1981	2.28768e-06
1982	2.31122e-06
1983	2.33553e-06
1984	2.36058e-06
1985	2.38637e-06
1986	2.41287e-06
1987	2.44007e-06
1988	2.46795e-06
1989	2.49649e-06
1990	2.52567e-06
1991	2.55546e-06
1992	2.58585e-06
1993	2.61682e-06
1994	2.64833e-06
1995	2.68036e-06
1996	2.71289e-06
1997	2.7459e-06
1998	2.77935e-06
1999	2.81322e-06
2000	2.84748e-06
2001	2.88211e-06
2002	2.91708e-06
2003	2.95235e-06
2004	2.98791e-06
2005	3.02371e-06
2006	3.05974e-06
2007	3.09596e-06
2008	3.13235e-06
2009	3.16887e-06
2010	3.20549e-06
2011	3.2422e-06
2012	3.27895e-06
2013	3.31572e-06
2014	3.35248e-06
2015	3.38921e-06
2016	3.42587e-06
2017	3.46244e-06
2018	3.49889e-06
2019	3.53519e-06
2020	3.57132e-06
2021	3.60725e-06
2022	3.64296e-06
2023	3.67843e-06
2024	3.71362e-06
2025	3.74852e-06
2026	3.7831e-06
2027	3.81735e-06
2028	3.85124e-06
2029	3.88475e-06
2030	3.91787e-06
2031	3.95057e-06
2032	3.98285e-06
2033	4.01467e-06
2034	4.04603e-06
2035	4.07692e-06
2036	4.10731e-06
2037	4.13721e-06
2038	4.16659e-06
2039	4.19544e-06
2040	4.22377e-06
2041	4.25155e-06
2042	4.27878e-06
2043	4.30546e-06
2044	4.33159e-06
2045	4.35715e-06
2046	4.38214e-06
2047	4.40656e-06
2048	4.43042e-06
2049	4.4537e-06
2050	4.47642e-06
2051	4.49858e-06
2052	4.52016e-06
2053	4.54119e-06
2054	4.56167e-06
2055	4.58159e-06
2056	4.60097e-06
2057	4.61982e-06
2058	4.63814e-06
2059	4.65594e-06
2060	4.67323e-06
2061	4.69002e-06
2062	4.70632e-06
2063	4.72215e-06
2064	4.73751e-06
2065	4.75242e-06
2066	4.76689e-06
2067	4.78094e-06
2068	4.79458e-06
2069	4.80782e-06
2070	4.82068e-06
2071	4.83317e-06
2072	4.84532e-06
2073	4.85713e-06
2074	4.86863e-06
2075	4.87983e-06
2076	4.89074e-06
2077	4.90138e-06
2078	4.91178e-06
2079	4.92194e-06
2080	4.93188e-06
2081	4.94163e-06
2082	4.95119e-06
2083	4.96058e-06
2084	4.96983e-06
2085	4.97894e-06
2086	4.98793e-06
2087	4.99682e-06
2088	5.00563e-06
2089	5.01436e-06
2090	5.02303e-06
2091	5.03166e-06
2092	5.04027e-06
2093	5.04885e-06
2094	5.05743e-06
2095	5.06602e-06
2096	5.07463e-06
2097	5.08328e-06
2098	5.09196e-06
2099	5.10069e-06
2100	5.10948e-06
2101	5.11835e-06
2102	5.12728e-06
2103	5.1363e-06
2104	5.14541e-06
2105	5.15461e-06
2106	5.16391e-06
2107	5.17331e-06
2108	5.18282e-06
2109	5.19243e-06
2110	5.20215e-06
2111	5.21198e-06
2112	5.22192e-06
2113	5.23196e-06
2114	5.24211e-06
2115	5.25236e-06
2116	5.26271e-06
2117	5.27315e-06
2118	5.28368e-06
2119	5.29429e-06
2120	5.30498e-06
2121	5.31574e-06
2122	5.32655e-06
2123	5.33742e-06
2124	5.34833e-06
2125	5.35928e-06
2126	5.37024e-06
2127	5.38121e-06
2128	5.39218e-06
2129	5.40313e-06
2130	5.41405e-06
2131	5.42493e-06
2132	5.43575e-06
2133	5.4465e-06
2134	5.45716e-06
2135	5.46772e-06
2136	5.47816e-06
2137	5.48846e-06
2138	5.49862e-06
2139	5.5086e-06
2140	5.5184e-06
2141	5.52799e-06
2142	5.53737e-06
2143	5.5465e-06
2144	5.55538e-06
2145	5.56399e-06
2146	5.5723e-06
2147	5.5803e-06
2148	5.58798e-06
2149	5.59531e-06
2150	5.60228e-06
2151	5.60887e-06
2152	5.61506e-06
2153	5.62084e-06
2154	5.62618e-06
2155	5.63108e-06
2156	5.63551e-06
2157	5.63946e-06
2158	5.64292e-06
2159	5.64586e-06
2160	5.64828e-06
2161	5.65015e-06
2162	5.65148e-06
2163	5.65223e-06
2164	5.65241e-06
2165	5.65199e-06
2166	5.65097e-06
2167	5.64933e-06
2168	5.64706e-06
2169	5.64416e-06
2170	5.64062e-06
2171	5.63642e-06
2172	5.63156e-06
2173	5.62603e-06
2174	5.61983e-06
2175	5.61295e-06
2176	5.60538e-06
2177	5.59713e-06
2178	5.58818e-06
2179	5.57854e-06
2180	5.5682e-06
2181	5.55717e-06
2182	5.54543e-06
2183	5.53301e-06
2184	5.51988e-06
2185	5.50607e-06
2186	5.49157e-06
2187	5.47638e-06
2188	5.46051e-06
2189	5.44397e-06
2190	5.42675e-06
2191	5.40888e-06
2192	5.39035e-06
2193	5.37118e-06
2194	5.35137e-06
2195	5.33094e-06
2196	5.30988e-06
2197	5.28823e-06
2198	5.26598e-06
2199	5.24315e-06
2200	5.21976e-06
2201	5.19581e-06
2202	5.17132e-06
2203	5.1463e-06
2204	5.12078e-06
2205	5.09476e-06
2206	5.06826e-06
2207	5.0413e-06
2208	5.0139e-06
2209	4.98607e-06
2210	4.95782e-06
2211	4.92919e-06
2212	4.90018e-06
2213	4.87081e-06
2214	4.84111e-06
2215	4.81108e-06
2216	4.78076e-06
2217	4.75016e-06
2218	4.71929e-06
2219	4.68818e-06
2220	4.65684e-06
2221	4.6253e-06
2222	4.59357e-06
2223	4.56168e-06
2224	4.52964e-06
2225	4.49747e-06
2226	4.46518e-06
2227	4.43281e-06
2228	4.40037e-06
2229	4.36786e-06
2230	4.33532e-06
2231	4.30277e-06
2232	4.27021e-06
2233	4.23766e-06
2234	4.20515e-06
2235	4.17268e-06
2236	4.14028e-06
2237	4.10796e-06
2238	4.07573e-06
2239	4.04361e-06
2240	4.01162e-06
2241	3.97977e-06
2242	3.94806e-06
2243	3.91652e-06
2244	3.88516e-06
2245	3.85399e-06
2246	3.82301e-06
2247	3.79225e-06
2248	3.76171e-06
2249	3.7314e-06
2250	3.70133e-06
2251	3.6715e-06
2252	3.64193e-06
2253	3.61263e-06
2254	3.58359e-06
2255	3.55484e-06
2256	3.52636e-06
2257	3.49817e-06
2258	3.47027e-06
2259	3.44267e-06
2260	3.41536e-06
2261	3.38836e-06
2262	3.36165e-06
2263	3.33526e-06
2264	3.30917e-06
2265	3.28338e-06
2266	3.2579e-06
2267	3.23273e-06
2268	3.20786e-06
2269	3.18329e-06
2270	3.15903e-06
2271	3.13506e-06
2272	3.11139e-06
2273	3.08801e-06
2274	3.06493e-06
2275	3.04212e-06
2276	3.0196e-06
2277	2.99735e-06
2278	2.97538e-06
2279	2.95367e-06
2280	2.93222e-06
2281	2.91102e-06
2282	2.89008e-06
2283	2.86937e-06
2284	2.8489e-06
2285	2.82867e-06
2286	2.80865e-06
2287	2.78885e-06
2288	2.76926e-06
2289	2.74987e-06
2290	2.73067e-06
2291	2.71167e-06
2292	2.69284e-06
2293	2.67419e-06
2294	2.65571e-06
2295	2.63738e-06
2296	2.61921e-06
2297	2.60118e-06
2298	2.5833e-06
2299	2.56555e-06
2300	2.54792e-06
2301	2.53042e-06
2302	2.51303e-06
2303	2.49575e-06
2304	2.47858e-06
2305	2.4615e-06
2306	2.44452e-06
2307	2.42763e-06
2308	2.41082e-06
2309	2.39409e-06
2310	2.37744e-06
2311	2.36086e-06
2312	2.34435e-06
2313	2.3279e-06
2314	2.31152e-06
2315	2.29521e-06
2316	2.27895e-06
2317	2.26275e-06
2318	2.24661e-06
2319	2.23053e-06
2320	2.21451e-06
2321	2.19854e-06
2322	2.18263e-06
2323	2.16678e-06
2324	2.15098e-06
2325	2.13525e-06
2326	2.11959e-06
2327	2.10399e-06
2328	2.08845e-06
2329	2.07299e-06
2330	2.05761e-06
2331	2.0423e-06
2332	2.02708e-06
2333	2.01195e-06
2334	1.99691e-06
2335	1.98197e-06
2336	1.96713e-06
2337	1.95241e-06
2338	1.9378e-06
2339	1.92331e-06
2340	1.90896e-06
2341	1.89474e-06
2342	1.88066e-06
2343	1.86674e-06
2344	1.85298e-06
2345	1.83939e-06
2346	1.82597e-06
2347	1.81274e-06
2348	1.7997e-06
2349	1.78686e-06
2350	1.77423e-06
2351	1.76182e-06
2352	1.74964e-06
2353	1.7377e-06
2354	1.726e-06
2355	1.71455e-06
2356	1.70337e-06
2357	1.69247e-06
2358	1.68184e-06
2359	1.67151e-06
2360	1.66147e-06
2361	1.65174e-06
2362	1.64233e-06
2363	1.63325e-06
2364	1.6245e-06
2365	1.61608e-06
2366	1.60802e-06
2367	1.60032e-06
2368	1.59298e-06
2369	1.58601e-06
2370	1.57942e-06
2371	1.57322e-06
2372	1.5674e-06
2373	1.56199e-06
2374	1.55698e-06
2375	1.55238e-06
2376	1.54819e-06
2377	1.54443e-06
2378	1.54109e-06
2379	1.53817e-06
2380	1.53569e-06
2381	1.53365e-06
2382	1.53204e-06
2383	1.53087e-06
2384	1.53015e-06
2385	1.52987e-06
2386	1.53004e-06
2387	1.53066e-06
2388	1.53172e-06
2389	1.53324e-06
2390	1.5352e-06
2391	1.53761e-06
2392	1.54046e-06
2393	1.54376e-06
2394	1.5475e-06
2395	1.55169e-06
2396	1.55631e-06
2397	1.56136e-06
2398	1.56685e-06
2399	1.57276e-06
2400	1.5791e-06
2401	1.58585e-06
2402	1.59302e-06
2403	1.60059e-06
2404	1.60857e-06
2405	1.61694e-06
2406	1.6257e-06
2407	1.63484e-06
2408	1.64435e-06
2409	1.65424e-06
2410	1.66448e-06
2411	1.67507e-06
2412	1.686e-06
2413	1.69727e-06
2414	1.70886e-06
2415	1.72077e-06
2416	1.73298e-06
2417	1.74549e-06
2418	1.75829e-06
2419	1.77137e-06
2420	1.78471e-06
2421	1.79831e-06
2422	1.81215e-06
2423	1.82623e-06
2424	1.84054e-06
2425	1.85506e-06
2426	1.86979e-06
2427	1.8847e-06
2428	1.8998e-06
2429	1.91508e-06
2430	1.93051e-06
2431	1.94609e-06
2432	1.96182e-06
2433	1.97767e-06
2434	1.99364e-06
2435	2.00971e-06
2436	2.02589e-06
2437	2.04215e-06
2438	2.05849e-06
2439	2.0749e-06
2440	2.09136e-06
2441	2.10787e-06
2442	2.12442e-06
2443	2.141e-06
2444	2.1576e-06
2445	2.1742e-06
2446	2.19082e-06
2447	2.20742e-06
2448	2.22401e-06
2449	2.24059e-06
2450	2.25713e-06
2451	2.27363e-06
2452	2.29009e-06
2453	2.30651e-06
2454	2.32286e-06
2455	2.33916e-06
2456	2.35539e-06
2457	2.37154e-06
2458	2.38762e-06
2459	2.40361e-06
2460	2.41952e-06
2461	2.43533e-06
2462	2.45105e-06
2463	2.46667e-06
2464	2.48219e-06
2465	2.4976e-06
2466	2.51291e-06
2467	2.52811e-06
2468	2.5432e-06
2469	2.55817e-06
2470	2.57303e-06
2471	2.58777e-06
2472	2.6024e-06
2473	2.61692e-06
2474	2.63131e-06
2475	2.64559e-06
2476	2.65976e-06
2477	2.67381e-06
2478	2.68774e-06
2479	2.70156e-06
2480	2.71527e-06
2481	2.72887e-06
2482	2.74236e-06
2483	2.75574e-06
2484	2.76902e-06
2485	2.78219e-06
2486	2.79527e-06
2487	2.80824e-06
2488	2.82112e-06
2489	2.83391e-06
2490	2.84661e-06
2491	2.85923e-06
2492	2.87176e-06
2493	2.88421e-06
2494	2.89658e-06
2495	2.90888e-06
2496	2.92111e-06
2497	2.93327e-06
2498	2.94537e-06
2499	2.95741e-06
2500	2.96939e-06
2501	2.98132e-06
2502	2.9932e-06
2503	3.00503e-06
2504	3.01682e-06
2505	3.02856e-06
2506	3.04027e-06
2507	3.05195e-06
2508	3.06359e-06
2509	3.0752e-06
2510	3.08679e-06
2511	3.09835e-06
2512	3.10989e-06
2513	3.12141e-06
2514	3.13292e-06
2515	3.1444e-06
2516	3.15587e-06
2517	3.16733e-06
2518	3.17877e-06
2519	3.1902e-06
2520	3.20163e-06
2521	3.21304e-06
2522	3.22444e-06
2523	3.23582e-06
2524	3.2472e-06
2525	3.25857e-06
2526	3.26992e-06
2527	3.28126e-06
2528	3.29259e-06
2529	3.3039e-06
2530	3.31519e-06
2531	3.32646e-06
2532	3.33771e-06
2533	3.34893e-06
2534	3.36012e-06
2535	3.37129e-06
2536	3.38242e-06
2537	3.39351e-06
2538	3.40456e-06
2539	3.41557e-06
2540	3.42652e-06
2541	3.43742e-06
2542	3.44826e-06
2543	3.45904e-06
2544	3.46975e-06
2545	3.48039e-06
2546	3.49095e-06
2547	3.50142e-06
2548	3.5118e-06
2549	3.52209e-06
2550	3.53227e-06
2551	3.54235e-06
2552	3.55231e-06
2553	3.56215e-06
2554	3.57186e-06
2555	3.58144e-06
2556	3.59087e-06
2557	3.60016e-06
2558	3.6093e-06
2559	3.61827e-06
2560	3.62708e-06
2561	3.63572e-06
2562	3.64417e-06
2563	3.65243e-06
2564	3.6605e-06
2565	3.66836e-06
2566	3.67602e-06
2567	3.68346e-06
2568	3.69068e-06
2569	3.69767e-06
2570	3.70443e-06
2571	3.71094e-06
2572	3.7172e-06
2573	3.72321e-06
2574	3.72895e-06
2575	3.73443e-06
2576	3.73964e-06
2577	3.74456e-06
2578	3.7492e-06
2579	3.75355e-06
2580	3.75761e-06
2581	3.76136e-06
2582	3.76481e-06
2583	3.76795e-06
2584	3.77077e-06
2585	3.77327e-06
2586	3.77545e-06
2587	3.7773e-06
2588	3.77882e-06
2589	3.78001e-06
2590	3.78086e-06
2591	3.78137e-06
2592	3.78153e-06
2593	3.78135e-06
2594	3.78083e-06
2595	3.77995e-06
2596	3.77873e-06
2597	3.77715e-06
2598	3.77522e-06
2599	3.77294e-06
2600	3.77031e-06
2601	3.76732e-06
2602	3.76398e-06
2603	3.76028e-06
2604	3.75624e-06
2605	3.75185e-06
2606	3.7471e-06
2607	3.74201e-06
2608	3.73658e-06
2609	3.7308e-06
2610	3.72468e-06
2611	3.71823e-06
2612	3.71144e-06
2613	3.70432e-06
2614	3.69687e-06
2615	3.6891e-06
2616	3.68101e-06
2617	3.67261e-06
2618	3.66389e-06
2619	3.65487e-06
2620	3.64555e-06
2621	3.63593e-06
2622	3.62602e-06
2623	3.61583e-06
2624	3.60535e-06
2625	3.59461e-06
2626	3.58359e-06
2627	3.57231e-06
2628	3.56078e-06
2629	3.549e-06
2630	3.53697e-06
2631	3.52471e-06
2632	3.51222e-06
2633	3.49951e-06
2634	3.48658e-06
2635	3.47344e-06
2636	3.4601e-06
2637	3.44656e-06
2638	3.43283e-06
2639	3.41892e-06
2640	3.40484e-06
2641	3.3906e-06
2642	3.37619e-06
2643	3.36163e-06
2644	3.34692e-06
2645	3.33207e-06
2646	3.31709e-06
2647	3.30199e-06
2648	3.28677e-06
2649	3.27144e-06
2650	3.256e-06
2651	3.24046e-06
2652	3.22484e-06
2653	3.20913e-06
2654	3.19334e-06
2655	3.17748e-06
2656	3.16156e-06
2657	3.14557e-06
2658	3.12954e-06
2659	3.11345e-06
2660	3.09732e-06
2661	3.08116e-06
2662	3.06497e-06
2663	3.04875e-06
2664	3.03251e-06
2665	3.01625e-06
2666	2.99999e-06
2667	2.98371e-06
2668	2.96744e-06
2669	2.95117e-06
2670	2.9349e-06
2671	2.91865e-06
2672	2.90241e-06
2673	2.88619e-06
2674	2.86999e-06
2675	2.85381e-06
2676	2.83766e-06
2677	2.82154e-06
2678	2.80546e-06
2679	2.78941e-06
2680	2.77339e-06
2681	2.75742e-06
2682	2.74148e-06
2683	2.72559e-06
2684	2.70975e-06
2685	2.69395e-06
2686	2.6782e-06
2687	2.6625e-06
2688	2.64685e-06
2689	2.63124e-06
2690	2.61569e-06
2691	2.6002e-06
2692	2.58475e-06
2693	2.56936e-06
2694	2.55402e-06
2695	2.53873e-06
2696	2.5235e-06
2697	2.50832e-06
2698	2.49319e-06
2699	2.47812e-06
2700	2.4631e-06
2701	2.44813e-06
2702	2.43322e-06
2703	2.41836e-06
2704	2.40355e-06
2705	2.38879e-06
2706	2.37408e-06
2707	2.35942e-06
2708	2.34481e-06
2709	2.33025e-06
2710	2.31573e-06
2711	2.30127e-06
2712	2.28685e-06
2713	2.27248e-06
2714	2.25816e-06
2715	2.24388e-06
2716	2.22965e-06
2717	2.21547e-06
2718	2.20133e-06
2719	2.18723e-06
2720	2.17318e-06
2721	2.15917e-06
2722	2.14521e-06
2723	2.13129e-06
2724	2.11741e-06
2725	2.10358e-06
2726	2.0898e-06
2727	2.07606e-06
2728	2.06236e-06
2729	2.04871e-06
2730	2.03511e-06
2731	2.02155e-06
2732	2.00805e-06
2733	1.99459e-06
2734	1.98118e-06
2735	1.96782e-06
2736	1.95452e-06
2737	1.94126e-06
2738	1.92807e-06
2739	1.91493e-06
2740	1.90185e-06
2741	1.88882e-06
2742	1.87587e-06
2743	1.86297e-06
2744	1.85014e-06
2745	1.83738e-06
2746	1.8247e-06
2747	1.81208e-06
2748	1.79955e-06
2749	1.78709e-06
2750	1.77471e-06
2751	1.76242e-06
2752	1.75022e-06
2753	1.73811e-06
2754	1.72609e-06
2755	1.71418e-06
2756	1.70236e-06
2757	1.69065e-06
2758	1.67905e-06
2759	1.66756e-06
2760	1.65618e-06
2761	1.64493e-06
2762	1.6338e-06
2763	1.6228e-06
2764	1.61193e-06
2765	1.6012e-06
2766	1.5906e-06
2767	1.58015e-06
2768	1.56985e-06
2769	1.5597e-06
2770	1.54971e-06
2771	1.53988e-06
2772	1.53021e-06
2773	1.52071e-06
2774	1.51138e-06
2775	1.50223e-06
2776	1.49326e-06
2777	1.48447e-06
2778	1.47587e-06
2779	1.46746e-06
2780	1.45925e-06
2781	1.45124e-06
2782	1.44343e-06
2783	1.43583e-06
2784	1.42844e-06
2785	1.42127e-06
2786	1.41431e-06
2787	1.40757e-06
2788	1.40105e-06
2789	1.39476e-06
2790	1.3887e-06
2791	1.38287e-06
2792	1.37727e-06
2793	1.37192e-06
2794	1.3668e-06
2795	1.36192e-06
2796	1.35729e-06
2797	1.3529e-06
2798	1.34876e-06
2799	1.34486e-06
2800	1.34122e-06
2801	1.33783e-06
2802	1.3347e-06
2803	1.33181e-06
2804	1.32919e-06
2805	1.32682e-06
2806	1.3247e-06
2807	1.32284e-06
2808	1.32124e-06
2809	1.31989e-06
2810	1.31881e-06
2811	1.31798e-06
2812	1.3174e-06
2813	1.31708e-06
2814	1.31702e-06
2815	1.31721e-06
2816	1.31765e-06
2817	1.31835e-06
2818	1.31929e-06
2819	1.32049e-06
2820	1.32193e-06
2821	1.32362e-06
2822	1.32555e-06
2823	1.32772e-06
2824	1.33013e-06
2825	1.33278e-06
2826	1.33566e-06
2827	1.33877e-06
2828	1.34211e-06
2829	1.34568e-06
2830	1.34947e-06
2831	1.35348e-06
2832	1.35771e-06
2833	1.36215e-06
2834	1.36679e-06
2835	1.37165e-06
2836	1.37671e-06
2837	1.38196e-06
2838	1.38741e-06
2839	1.39305e-06
2840	1.39887e-06
2841	1.40488e-06
2842	1.41107e-06
2843	1.41743e-06
2844	1.42396e-06
2845	1.43066e-06
2846	1.43752e-06
2847	1.44454e-06
2848	1.45171e-06
2849	1.45903e-06
2850	1.46649e-06
2851	1.47409e-06
2852	1.48183e-06
2853	1.4897e-06
2854	1.4977e-06
2855	1.50582e-06
2856	1.51406e-06
2857	1.52241e-06
2858	1.53087e-06
2859	1.53944e-06
2860	1.54811e-06
2861	1.55687e-06
2862	1.56573e-06
2863	1.57468e-06
2864	1.58372e-06
2865	1.59284e-06
2866	1.60203e-06
2867	1.6113e-06
2868	1.62064e-06
2869	1.63005e-06
2870	1.63952e-06
2871	1.64905e-06
2872	1.65864e-06
2873	1.66828e-06
2874	1.67797e-06
2875	1.68771e-06
2876	1.69749e-06
2877	1.70731e-06
2878	1.71717e-06
2879	1.72707e-06
2880	1.737e-06
2881	1.74696e-06
2882	1.75695e-06
2883	1.76697e-06
2884	1.77701e-06
2885	1.78707e-06
2886	1.79714e-06
2887	1.80724e-06
2888	1.81735e-06
2889	1.82747e-06
2890	1.83761e-06
2891	1.84775e-06
2892	1.85791e-06
2893	1.86806e-06
2894	1.87823e-06
2895	1.8884e-06
2896	1.89857e-06
2897	1.90874e-06
2898	1.91891e-06
2899	1.92908e-06
2900	1.93925e-06
2901	1.94941e-06
2902	1.95957e-06
2903	1.96973e-06
2904	1.97988e-06
2905	1.99002e-06
2906	2.00016e-06
2907	2.01029e-06
2908	2.02041e-06
2909	2.03052e-06
2910	2.04062e-06
2911	2.05071e-06
2912	2.06078e-06
2913	2.07085e-06
2914	2.08091e-06
2915	2.09095e-06
2916	2.10098e-06
2917	2.111e-06
2918	2.12101e-06
2919	2.131e-06
2920	2.14097e-06
2921	2.15093e-06
2922	2.16088e-06
2923	2.17081e-06
2924	2.18072e-06
2925	2.19061e-06
2926	2.20049e-06
2927	2.21035e-06
2928	2.22019e-06
2929	2.23001e-06
2930	2.23981e-06
2931	2.24959e-06
2932	2.25934e-06
2933	2.26908e-06
2934	2.27878e-06
2935	2.28847e-06
2936	2.29813e-06
2937	2.30776e-06
2938	2.31736e-06
2939	2.32693e-06
2940	2.33647e-06
2941	2.34598e-06
2942	2.35545e-06
2943	2.36489e-06
2944	2.37429e-06
2945	2.38365e-06
2946	2.39297e-06
2947	2.40224e-06
2948	2.41148e-06
2949	2.42066e-06
2950	2.4298e-06
2951	2.43888e-06
2952	2.44792e-06
2953	2.45689e-06
2954	2.46581e-06
2955	2.47467e-06
2956	2.48347e-06
2957	2.4922e-06
2958	2.50086e-06
2959	2.50946e-06
2960	2.51798e-06
2961	2.52643e-06
2962	2.53479e-06
2963	2.54308e-06
2964	2.55128e-06
2965	2.5594e-06
2966	2.56743e-06
2967	2.57536e-06
2968	2.5832e-06
2969	2.59094e-06
2970	2.59858e-06
2971	2.60612e-06
2972	2.61354e-06
2973	2.62086e-06
2974	2.62806e-06
2975	2.63515e-06
2976	2.64211e-06
2977	2.64896e-06
2978	2.65568e-06
2979	2.66226e-06
2980	2.66872e-06
2981	2.67504e-06
2982	2.68122e-06
2983	2.68727e-06
2984	2.69316e-06
2985	2.69891e-06
2986	2.70451e-06
2987	2.70996e-06
2988	2.71525e-06
2989	2.72038e-06
2990	2.72535e-06
2991	2.73016e-06
2992	2.7348e-06
2993	2.73927e-06
2994	2.74357e-06
2995	2.74769e-06
2996	2.75164e-06
2997	2.7554e-06
2998	2.75898e-06
2999	2.76238e-06
3000	2.7656e-06
3001	2.76862e-06
3002	2.77146e-06
3003	2.7741e-06
3004	2.77655e-06
3005	2.77881e-06
3006	2.78086e-06
3007	2.78272e-06
3008	2.78438e-06
3009	2.78584e-06
3010	2.78709e-06
3011	2.78815e-06
3012	2.789e-06
3013	2.78964e-06
3014	2.79008e-06
3015	2.79031e-06
3016	2.79033e-06
3017	2.79015e-06
3018	2.78976e-06
3019	2.78916e-06
3020	2.78836e-06
3021	2.78735e-06
3022	2.78613e-06
3023	2.78471e-06
3024	2.78308e-06
3025	2.78124e-06
3026	2.7792e-06
3027	2.77695e-06
3028	2.77451e-06
3029	2.77186e-06
3030	2.769e-06
3031	2.76595e-06
3032	2.7627e-06
3033	2.75925e-06
3034	2.75561e-06
3035	2.75177e-06
3036	2.74774e-06
3037	2.74352e-06
3038	2.73911e-06
3039	2.73451e-06
3040	2.72973e-06
3041	2.72476e-06
3042	2.71961e-06
3043	2.71429e-06
3044	2.70878e-06
3045	2.70311e-06
3046	2.69725e-06
3047	2.69123e-06
3048	2.68505e-06
3049	2.6787e-06
3050	2.67218e-06
3051	2.66551e-06
3052	2.65868e-06
3053	2.65169e-06
3054	2.64455e-06
3055	2.63727e-06
3056	2.62984e-06
3057	2.62226e-06
3058	2.61455e-06
3059	2.6067e-06
3060	2.59871e-06
3061	2.59059e-06
3062	2.58235e-06
3063	2.57397e-06
3064	2.56548e-06
3065	2.55686e-06
3066	2.54813e-06
3067	2.53929e-06
3068	2.53033e-06
3069	2.52127e-06
3070	2.5121e-06
3071	2.50283e-06
3072	2.49346e-06
3073	2.48399e-06
3074	2.47443e-06
3075	2.46478e-06
3076	2.45504e-06
3077	2.44522e-06
3078	2.43531e-06
3079	2.42533e-06
3080	2.41526e-06
3081	2.40512e-06
3082	2.39491e-06
3083	2.38464e-06
3084	2.37429e-06
3085	2.36388e-06
3086	2.35341e-06
3087	2.34287e-06
3088	2.33228e-06
3089	2.32164e-06
3090	2.31094e-06
3091	2.30019e-06
3092	2.28939e-06
3093	2.27854e-06
3094	2.26765e-06
3095	2.25671e-06
3096	2.24574e-06
3097	2.23472e-06
3098	2.22367e-06
3099	2.21258e-06
3100	2.20145e-06
3101	2.19029e-06
3102	2.1791e-06
3103	2.16789e-06
3104	2.15664e-06
3105	2.14537e-06
3106	2.13407e-06
3107	2.12274e-06
3108	2.1114e-06
3109	2.10003e-06
3110	2.08864e-06
3111	2.07724e-06
3112	2.06581e-06
3113	2.05437e-06
3114	2.04291e-06
3115	2.03144e-06
3116	2.01996e-06
3117	2.00847e-06
3118	1.99696e-06
3119	1.98545e-06
3120	1.97392e-06
3121	1.96239e-06
3122	1.95085e-06
3123	1.93931e-06
3124	1.92776e-06
3125	1.91621e-06
3126	1.90465e-06
3127	1.8931e-06
3128	1.88154e-06
3129	1.86998e-06
3130	1.85843e-06
3131	1.84688e-06
3132	1.83533e-06
3133	1.82379e-06
3134	1.81225e-06
3135	1.80072e-06
3136	1.7892e-06
3137	1.77769e-06
3138	1.76618e-06
3139	1.75469e-06
3140	1.74321e-06
3141	1.73175e-06
3142	1.7203e-06
3143	1.70886e-06
3144	1.69745e-06
3145	1.68605e-06
3146	1.67467e-06
3147	1.66331e-06
3148	1.65197e-06
3149	1.64066e-06
3150	1.62938e-06
3151	1.61812e-06
3152	1.60688e-06
3153	1.59568e-06
3154	1.58451e-06
3155	1.57338e-06
3156	1.56227e-06
3157	1.55121e-06
3158	1.54018e-06
3159	1.52919e-06
3160	1.51824e-06
3161	1.50734e-06
3162	1.49648e-06
3163	1.48567e-06
3164	1.4749e-06
3165	1.46419e-06
3166	1.45353e-06
3167	1.44293e-06
3168	1.43238e-06
3169	1.4219e-06
3170	1.41147e-06
3171	1.40111e-06
3172	1.39081e-06
3173	1.38058e-06
3174	1.37042e-06
3175	1.36034e-06
3176	1.35033e-06
3177	1.34039e-06
3178	1.33054e-06
3179	1.32076e-06
3180	1.31107e-06
3181	1.30147e-06
3182	1.29195e-06
3183	1.28253e-06
3184	1.2732e-06
3185	1.26396e-06
3186	1.25482e-06
3187	1.24579e-06
3188	1.23685e-06
3189	1.22802e-06
3190	1.2193e-06
3191	1.21068e-06
3192	1.20218e-06
3193	1.19379e-06
3194	1.18552e-06
3195	1.17736e-06
3196	1.16933e-06
3197	1.16142e-06
3198	1.15363e-06
3199	1.14597e-06
3200	1.13843e-06
3201	1.13103e-06
3202	1.12376e-06
3203	1.11663e-06
3204	1.10963e-06
3205	1.10277e-06
3206	1.09605e-06
3207	1.08947e-06
3208	1.08304e-06
3209	1.07675e-06
3210	1.0706e-06
3211	1.06461e-06
3212	1.05876e-06
3213	1.05307e-06
3214	1.04752e-06
3215	1.04213e-06
3216	1.0369e-06
3217	1.03182e-06
3218	1.0269e-06
3219	1.02214e-06
3220	1.01754e-06
3221	1.01309e-06
3222	1.00881e-06
3223	1.00469e-06
3224	1.00073e-06
3225	9.96939e-07
3226	9.93308e-07
3227	9.89842e-07
3228	9.86541e-07
3229	9.83405e-07
3230	9.80435e-07
3231	9.7763e-07
3232	9.74991e-07
3233	9.72519e-07
3234	9.70212e-07
3235	9.68072e-07
3236	9.66097e-07
3237	9.64288e-07
3238	9.62645e-07
3239	9.61167e-07
3240	9.59854e-07
3241	9.58705e-07
3242	9.5772e-07
3243	9.56899e-07
3244	9.5624e-07
3245	9.55743e-07
3246	9.55407e-07
3247	9.55231e-07
3248	9.55215e-07
3249	9.55358e-07
3250	9.55658e-07
3251	9.56114e-07
3252	9.56726e-07
3253	9.57492e-07
3254	9.58411e-07
3255	9.59482e-07
3256	9.60703e-07
3257	9.62074e-07
3258	9.63592e-07
3259	9.65257e-07
3260	9.67066e-07
3261	9.69019e-07
3262	9.71114e-07
3263	9.7335e-07
3264	9.75724e-07
3265	9.78236e-07
3266	9.80883e-07
3267	9.83664e-07
3268	9.86577e-07
3269	9.89622e-07
3270	9.92795e-07
3271	9.96095e-07
3272	9.99521e-07
3273	1.00307e-06
3274	1.00674e-06
3275	1.01054e-06
3276	1.01445e-06
3277	1.01847e-06
3278	1.02262e-06
3279	1.02687e-06
3280	1.03124e-06
3281	1.03572e-06
3282	1.0403e-06
3283	1.045e-06
3284	1.04979e-06
3285	1.05469e-06
3286	1.05969e-06
3287	1.06479e-06
3288	1.06999e-06
3289	1.07528e-06
3290	1.08067e-06
3291	1.08615e-06
3292	1.09172e-06
3293	1.09738e-06
3294	1.10313e-06
3295	1.10897e-06
3296	1.11488e-06
3297	1.12088e-06
3298	1.12697e-06
3299	1.13313e-06
3300	1.13937e-06
3301	1.14568e-06
3302	1.15207e-06
3303	1.15853e-06
3304	1.16507e-06
3305	1.17167e-06
3306	1.17834e-06
3307	1.18508e-06
3308	1.19189e-06
3309	1.19876e-06
3310	1.20569e-06
3311	1.21269e-06
3312	1.21974e-06
3313	1.22685e-06
3314	1.23402e-06
3315	1.24125e-06
3316	1.24853e-06
3317	1.25586e-06
3318	1.26324e-06
3319	1.27068e-06
3320	1.27816e-06
3321	1.2857e-06
3322	1.29328e-06
3323	1.3009e-06
3324	1.30857e-06
3325	1.31628e-06
3326	1.32403e-06
3327	1.33183e-06
3328	1.33966e-06
3329	1.34753e-06
3330	1.35544e-06
3331	1.36338e-06
3332	1.37135e-06
3333	1.37936e-06
3334	1.3874e-06
3335	1.39548e-06
3336	1.40358e-06
3337	1.41171e-06
3338	1.41986e-06
3339	1.42804e-06
3340	1.43625e-06
3341	1.44448e-06
3342	1.45272e-06
3343	1.46099e-06
3344	1.46928e-06
3345	1.47759e-06
3346	1.48591e-06
3347	1.49425e-06
3348	1.5026e-06
3349	1.51096e-06
3350	1.51933e-06
3351	1.52771e-06
3352	1.5361e-06
3353	1.54449e-06
3354	1.55289e-06
3355	1.56129e-06
3356	1.56969e-06
3357	1.57809e-06
3358	1.58649e-06
3359	1.59488e-06
3360	1.60327e-06
3361	1.61165e-06
3362	1.62002e-06
3363	1.62838e-06
3364	1.63673e-06
3365	1.64506e-06
3366	1.65338e-06
3367	1.66168e-06
3368	1.66996e-06
3369	1.67822e-06
3370	1.68646e-06
3371	1.69466e-06
3372	1.70285e-06
3373	1.711e-06
3374	1.71912e-06
3375	1.72721e-06
3376	1.73526e-06
3377	1.74327e-06
3378	1.75125e-06
3379	1.75919e-06
3380	1.76708e-06
3381	1.77492e-06
3382	1.78272e-06
3383	1.79047e-06
3384	1.79817e-06
3385	1.80582e-06
3386	1.81341e-06
3387	1.82094e-06
3388	1.82841e-06
3389	1.83582e-06
3390	1.84317e-06
3391	1.85045e-06
3392	1.85767e-06
3393	1.86481e-06
3394	1.87189e-06
3395	1.87889e-06
3396	1.88581e-06
3397	1.89266e-06
3398	1.89942e-06
3399	1.9061e-06
3400	1.9127e-06
3401	1.91922e-06
3402	1.92564e-06
3403	1.93198e-06
3404	1.93822e-06
3405	1.94437e-06
3406	1.95043e-06
3407	1.95639e-06
3408	1.96225e-06
3409	1.968e-06
3410	1.97366e-06
3411	1.97921e-06
3412	1.98465e-06
3413	1.98998e-06
3414	1.99521e-06
3415	2.00032e-06
3416	2.00533e-06
3417	2.01021e-06
3418	2.01498e-06
3419	2.01964e-06
3420	2.02417e-06
3421	2.02859e-06
3422	2.03288e-06
3423	2.03705e-06
3424	2.04109e-06
3425	2.04502e-06
3426	2.04881e-06
3427	2.05248e-06
3428	2.05602e-06
3429	2.05943e-06
3430	2.06271e-06
3431	2.06586e-06
3432	2.06887e-06
3433	2.07176e-06
3434	2.07451e-06
3435	2.07712e-06
3436	2.07961e-06
3437	2.08195e-06
3438	2.08416e-06
3439	2.08624e-06
3440	2.08818e-06
3441	2.08998e-06
3442	2.09164e-06
3443	2.09317e-06
3444	2.09456e-06
3445	2.09581e-06
3446	2.09693e-06
3447	2.0979e-06
3448	2.09874e-06
3449	2.09944e-06
3450	2.1e-06
3451	2.10043e-06
3452	2.10071e-06
3453	2.10086e-06
3454	2.10088e-06
3455	2.10075e-06
3456	2.10049e-06
3457	2.10009e-06
3458	2.09956e-06
3459	2.09889e-06
3460	2.09809e-06
3461	2.09715e-06
3462	2.09608e-06
3463	2.09487e-06
3464	2.09354e-06
3465	2.09207e-06
3466	2.09047e-06
3467	2.08874e-06
3468	2.08688e-06
3469	2.08489e-06
3470	2.08278e-06
3471	2.08054e-06
3472	2.07817e-06
3473	2.07567e-06
3474	2.07306e-06
3475	2.07032e-06
3476	2.06745e-06
3477	2.06447e-06
3478	2.06137e-06
3479	2.05815e-06
3480	2.05481e-06
3481	2.05135e-06
3482	2.04778e-06
3483	2.0441e-06
3484	2.0403e-06
3485	2.03639e-06
3486	2.03237e-06
3487	2.02824e-06
3488	2.024e-06
3489	2.01966e-06
3490	2.01521e-06
3491	2.01065e-06
3492	2.006e-06
3493	2.00124e-06
3494	1.99638e-06
3495	1.99142e-06
3496	1.98637e-06
3497	1.98122e-06
3498	1.97597e-06
3499	1.97063e-06
3500	1.96519e-06
3501	1.95967e-06
3502	1.95405e-06
3503	1.94835e-06
3504	1.94256e-06
3505	1.93668e-06
3506	1.93072e-06
3507	1.92467e-06
3508	1.91854e-06
3509	1.91233e-06
3510	1.90603e-06
3511	1.89966e-06
3512	1.89321e-06
3513	1.88669e-06
3514	1.88009e-06
3515	1.87341e-06
3516	1.86667e-06
3517	1.85985e-06
3518	1.85296e-06
3519	1.846e-06
3520	1.83897e-06
3521	1.83188e-06
3522	1.82472e-06
3523	1.81749e-06
3524	1.81021e-06
3525	1.80286e-06
3526	1.79545e-06
3527	1.78798e-06
3528	1.78045e-06
3529	1.77286e-06
3530	1.76522e-06
3531	1.75752e-06
3532	1.74977e-06
3533	1.74197e-06
3534	1.73411e-06
3535	1.72621e-06
3536	1.71826e-06
3537	1.71026e-06
3538	1.70221e-06
3539	1.69412e-06
3540	1.68598e-06
3541	1.6778e-06
3542	1.66958e-06
3543	1.66132e-06
3544	1.65302e-06
3545	1.64468e-06
3546	1.6363e-06
3547	1.62789e-06
3548	1.61945e-06
3549	1.61097e-06
3550	1.60246e-06
3551	1.59392e-06
3552	1.58535e-06
3553	1.57675e-06
3554	1.56813e-06
3555	1.55948e-06
3556	1.55081e-06
3557	1.54211e-06
3558	1.53339e-06
3559	1.52466e-06
3560	1.5159e-06
3561	1.50713e-06
3562	1.49834e-06
3563	1.48953e-06
3564	1.48071e-06
3565	1.47188e-06
3566	1.46304e-06
3567	1.45419e-06
3568	1.44533e-06
3569	1.43647e-06
3570	1.4276e-06
3571	1.41873e-06
3572	1.40985e-06
3573	1.40098e-06
3574	1.3921e-06
3575	1.38323e-06
3576	1.37436e-06
3577	1.3655e-06
3578	1.35665e-06
3579	1.3478e-06
3580	1.33897e-06
3581	1.33015e-06
3582	1.32134e-06
3583	1.31254e-06
3584	1.30377e-06
3585	1.29501e-06
3586	1.28627e-06
3587	1.27756e-06
3588	1.26886e-06
3589	1.2602e-06
3590	1.25156e-06
3591	1.24295e-06
3592	1.23437e-06
3593	1.22582e-06
3594	1.2173e-06
3595	1.20882e-06
3596	1.20038e-06
3597	1.19198e-06
3598	1.18361e-06
3599	1.17529e-06
3600	1.16701e-06
3601	1.15878e-06
3602	1.1506e-06
3603	1.14246e-06
3604	1.13437e-06
3605	1.12634e-06
3606	1.11836e-06
3607	1.11044e-06
3608	1.10257e-06
3609	1.09476e-06
3610	1.08701e-06
3611	1.07932e-06
3612	1.0717e-06
3613	1.06414e-06
3614	1.05664e-06
3615	1.04922e-06
3616	1.04186e-06
3617	1.03457e-06
3618	1.02736e-06
3619	1.02022e-06
3620	1.01315e-06
3621	1.00616e-06
3622	9.99251e-07
3623	9.92419e-07
3624	9.85667e-07
3625	9.78997e-07
3626	9.72411e-07
3627	9.65908e-07
3628	9.59491e-07
3629	9.53161e-07
3630	9.4692e-07
3631	9.40767e-07
3632	9.34705e-07
3633	9.28734e-07
3634	9.22856e-07
3635	9.17071e-07
3636	9.11381e-07
3637	9.05787e-07
3638	9.00289e-07
3639	8.94889e-07
3640	8.89587e-07
3641	8.84384e-07
3642	8.79282e-07
3643	8.74281e-07
3644	8.69381e-07
3645	8.64584e-07
3646	8.59889e-07
3647	8.55299e-07
3648	8.50813e-07
3649	8.46432e-07
3650	8.42156e-07
3651	8.37987e-07
3652	8.33924e-07
3653	8.29968e-07
3654	8.26119e-07
3655	8.22378e-07
3656	8.18745e-07
3657	8.15221e-07
3658	8.11805e-07
3659	8.08498e-07
3660	8.053e-07
3661	8.02212e-07
3662	7.99232e-07
3663	7.96362e-07
3664	7.93602e-07
3665	7.90952e-07
3666	7.88411e-07
3667	7.85979e-07
3668	7.83657e-07
3669	7.81445e-07
3670	7.79341e-07
3671	7.77347e-07
3672	7.75462e-07
3673	7.73686e-07
3674	7.72019e-07
3675	7.7046e-07
3676	7.69009e-07
3677	7.67665e-07
3678	7.6643e-07
3679	7.65301e-07
3680	7.6428e-07
3681	7.63365e-07
3682	7.62556e-07
3683	7.61853e-07
3684	7.61255e-07
3685	7.60762e-07
3686	7.60373e-07
3687	7.60088e-07
3688	7.59906e-07
3689	7.59827e-07
3690	7.59851e-07
3691	7.59976e-07
3692	7.60202e-07
3693	7.60529e-07
3694	7.60956e-07
3695	7.61482e-07
3696	7.62107e-07
3697	7.6283e-07
3698	7.63651e-07
3699	7.64568e-07
3700	7.65582e-07
3701	7.6669e-07
3702	7.67894e-07
3703	7.69191e-07
3704	7.70582e-07
3705	7.72065e-07
3706	7.7364e-07
3707	7.75306e-07
3708	7.77062e-07
3709	7.78907e-07
3710	7.80841e-07
3711	7.82863e-07
3712	7.84972e-07
3713	7.87167e-07
3714	7.89448e-07
3715	7.91813e-07
3716	7.94262e-07
3717	7.96794e-07
3718	7.99408e-07
3719	8.02103e-07
3720	8.04879e-07
3721	8.07734e-07
3722	8.10668e-07
3723	8.13679e-07
3724	8.16768e-07
3725	8.19932e-07
3726	8.23172e-07
3727	8.26486e-07
3728	8.29874e-07
3729	8.33334e-07
3730	8.36865e-07
3731	8.40468e-07
3732	8.4414e-07
3733	8.47882e-07
3734	8.51691e-07
3735	8.55568e-07
3736	8.59511e-07
3737	8.63519e-07
3738	8.67592e-07
3739	8.71728e-07
3740	8.75927e-07
3741	8.80188e-07
3742	8.84509e-07
3743	8.8889e-07
3744	8.93331e-07
3745	8.97829e-07
3746	9.02384e-07
3747	9.06995e-07
3748	9.11661e-07
3749	9.16381e-07
3750	9.21154e-07
3751	9.2598e-07
3752	9.30856e-07
3753	9.35782e-07
3754	9.40758e-07
3755	9.45781e-07
3756	9.50851e-07
3757	9.55968e-07
3758	9.61128e-07
3759	9.66333e-07
3760	9.7158e-07
3761	9.76869e-07
3762	9.82197e-07
3763	9.87566e-07
3764	9.92972e-07
3765	9.98415e-07
3766	1.00389e-06
3767	1.00941e-06
3768	1.01495e-06
3769	1.02053e-06
3770	1.02614e-06
3771	1.03178e-06
3772	1.03745e-06
3773	1.04314e-06
3774	1.04887e-06
3775	1.05461e-06
3776	1.06038e-06
3777	1.06617e-06
3778	1.07199e-06
3779	1.07782e-06
3780	1.08367e-06
3781	1.08954e-06
3782	1.09542e-06
3783	1.10132e-06
3784	1.10723e-06
3785	1.11315e-06
3786	1.11908e-06
3787	1.12502e-06
3788	1.13097e-06
3789	1.13693e-06
3790	1.14289e-06
3791	1.14885e-06
3792	1.15481e-06
3793	1.16078e-06
3794	1.16675e-06
3795	1.17271e-06
3796	1.17867e-06
3797	1.18462e-06
3798	1.19057e-06
3799	1.19651e-06
3800	1.20245e-06
3801	1.20837e-06
3802	1.21428e-06
3803	1.22017e-06
3804	1.22605e-06
3805	1.23192e-06
3806	1.23776e-06
3807	1.24359e-06
3808	1.2494e-06
3809	1.25518e-06
3810	1.26094e-06
3811	1.26668e-06
3812	1.27239e-06
3813	1.27807e-06
3814	1.28372e-06
3815	1.28934e-06
3816	1.29493e-06
3817	1.30049e-06
3818	1.30601e-06
3819	1.31149e-06
3820	1.31694e-06
3821	1.32234e-06
3822	1.32771e-06
3823	1.33303e-06
3824	1.33831e-06
3825	1.34355e-06
3826	1.34874e-06
3827	1.35388e-06
3828	1.35898e-06
3829	1.36402e-06
3830	1.36901e-06
3831	1.37395e-06
3832	1.37884e-06
3833	1.38367e-06
3834	1.38844e-06
3835	1.39316e-06
3836	1.39782e-06
3837	1.40242e-06
3838	1.40696e-06
3839	1.41144e-06
3840	1.41585e-06
3841	1.4202e-06
3842	1.42449e-06
3843	1.4287e-06
3844	1.43286e-06
3845	1.43694e-06
3846	1.44096e-06
3847	1.4449e-06
3848	1.44877e-06
3849	1.45258e-06
3850	1.45631e-06
3851	1.45996e-06
3852	1.46355e-06
3853	1.46705e-06
3854	1.47049e-06
3855	1.47384e-06
3856	1.47712e-06
3857	1.48032e-06
3858	1.48344e-06
3859	1.48649e-06
3860	1.48945e-06
3861	1.49233e-06
3862	1.49513e-06
3863	1.49785e-06
3864	1.50049e-06
3865	1.50305e-06
3866	1.50552e-06
3867	1.50791e-06
3868	1.51021e-06
3869	1.51243e-06
3870	1.51456e-06
3871	1.51661e-06
3872	1.51857e-06
3873	1.52045e-06
3874	1.52224e-06
3875	1.52395e-06
3876	1.52556e-06
3877	1.52709e-06
3878	1.52854e-06
3879	1.52989e-06
3880	1.53116e-06
3881	1.53234e-06
3882	1.53343e-06
3883	1.53443e-06
3884	1.53535e-06
3885	1.53617e-06
3886	1.53691e-06
3887	1.53756e-06
3888	1.53813e-06
3889	1.5386e-06
3890	1.53898e-06
3891	1.53928e-06
3892	1.53949e-06
3893	1.53961e-06
3894	1.53965e-06
3895	1.5396e-06
3896	1.53946e-06
3897	1.53923e-06
3898	1.53891e-06
3899	1.53851e-06
3900	1.53803e-06
3901	1.53745e-06
3902	1.53679e-06
3903	1.53605e-06
3904	1.53522e-06
3905	1.5343e-06
3906	1.5333e-06
3907	1.53221e-06
3908	1.53104e-06
3909	1.52979e-06
3910	1.52846e-06
3911	1.52704e-06
3912	1.52553e-06
3913	1.52395e-06
3914	1.52228e-06
3915	1.52054e-06
3916	1.51871e-06
3917	1.5168e-06
3918	1.51481e-06
3919	1.51274e-06
3920	1.51059e-06
3921	1.50836e-06
3922	1.50606e-06
3923	1.50367e-06
3924	1.50121e-06
3925	1.49867e-06
3926	1.49606e-06
3927	1.49337e-06
3928	1.49061e-06
3929	1.48777e-06
3930	1.48485e-06
3931	1.48186e-06
3932	1.4788e-06
3933	1.47567e-06
3934	1.47246e-06
3935	1.46919e-06
3936	1.46584e-06
3937	1.46242e-06
3938	1.45894e-06
3939	1.45538e-06
3940	1.45176e-06
3941	1.44807e-06
3942	1.44431e-06
3943	1.44049e-06
3944	1.4366e-06
3945	1.43265e-06
3946	1.42863e-06
3947	1.42455e-06
3948	1.42041e-06
3949	1.41621e-06
3950	1.41194e-06
3951	1.40762e-06
3952	1.40323e-06
3953	1.39879e-06
3954	1.39429e-06
3955	1.38973e-06
3956	1.38512e-06
3957	1.38045e-06
3958	1.37573e-06
3959	1.37095e-06
3960	1.36612e-06
3961	1.36123e-06
3962	1.3563e-06
3963	1.35132e-06
3964	1.34628e-06
3965	1.3412e-06
3966	1.33607e-06
3967	1.33089e-06
3968	1.32567e-06
3969	1.3204e-06
3970	1.31508e-06
3971	1.30973e-06
3972	1.30433e-06
3973	1.29889e-06
3974	1.2934e-06
3975	1.28788e-06
3976	1.28232e-06
3977	1.27672e-06
3978	1.27109e-06
3979	1.26542e-06
3980	1.25971e-06
3981	1.25397e-06
3982	1.2482e-06
3983	1.2424e-06
3984	1.23656e-06
3985	1.2307e-06
3986	1.2248e-06
3987	1.21888e-06
3988	1.21294e-06
3989	1.20697e-06
3990	1.20097e-06
3991	1.19495e-06
3992	1.18891e-06
3993	1.18285e-06
3994	1.17677e-06
3995	1.17067e-06
3996	1.16455e-06
3997	1.15842e-06
3998	1.15227e-06
3999	1.14611e-06
