#Time	 Transmitted Flux
0	3.0399e-32
1	4.12506e-32
2	5.94765e-32
3	8.88561e-32
4	1.45372e-31
5	-3.01971e-30
6	1.36896e-28
7	2.50093e-25
8	1.5287e-23
9	3.61601e-22
10	2.90929e-21
11	2.19526e-20
12	1.46599e-20
13	1.73909e-19
14	5.83427e-19
15	1.13121e-18
16	2.54978e-18
17	1.91514e-17
18	3.81858e-17
19	6.23149e-17
20	2.85261e-16
21	1.45735e-16
22	7.08167e-16
23	7.46503e-16
24	3.33917e-15
25	2.05454e-15
26	3.37438e-15
27	1.06618e-14
28	3.18513e-15
29	3.53779e-15
30	7.5853e-15
31	9.52865e-15
32	7.48115e-16
33	1.1563e-14
34	2.36227e-14
35	1.00199e-14
36	2.20649e-14
37	7.78455e-14
38	1.64973e-13
39	1.56805e-13
40	8.31504e-14
41	1.83003e-13
42	4.88947e-14
43	1.36245e-13
44	1.4518e-13
45	1.26786e-14
46	6.55704e-14
47	2.64622e-13
48	5.23615e-13
49	9.13402e-13
50	1.24225e-12
51	1.65885e-12
52	2.75873e-12
53	4.42206e-12
54	6.00753e-12
55	7.00333e-12
56	6.39818e-12
57	5.90518e-12
58	8.24484e-12
59	1.1669e-11
60	1.13167e-11
61	1.11685e-11
62	1.57539e-11
63	1.49918e-11
64	1.71138e-11
65	2.26957e-11
66	2.1567e-11
67	3.09511e-11
68	2.96118e-11
69	3.94137e-11
70	3.90382e-11
71	4.85971e-11
72	4.7138e-11
73	5.93516e-11
74	5.40431e-11
75	6.79609e-11
76	6.49142e-11
77	7.19254e-11
78	7.85987e-11
79	7.59501e-11
80	9.20793e-11
81	8.66856e-11
82	9.47043e-11
83	1.12062e-10
84	1.02986e-10
85	1.16596e-10
86	1.36423e-10
87	1.29783e-10
88	1.44865e-10
89	1.70235e-10
90	1.66313e-10
91	1.78138e-10
92	2.18169e-10
93	2.27781e-10
94	2.20552e-10
95	2.57361e-10
96	3.08836e-10
97	3.15788e-10
98	3.13809e-10
99	3.61575e-10
100	4.25308e-10
101	4.45096e-10
102	4.48594e-10
103	5.01596e-10
104	5.90038e-10
105	6.40289e-10
106	6.40769e-10
107	6.66781e-10
108	7.70899e-10
109	9.03312e-10
110	9.76043e-10
111	9.79703e-10
112	9.9894e-10
113	1.11027e-09
114	1.29181e-09
115	1.44925e-09
116	1.52163e-09
117	1.54784e-09
118	1.62419e-09
119	1.80562e-09
120	2.05049e-09
121	2.26141e-09
122	2.37745e-09
123	2.43353e-09
124	2.53367e-09
125	2.76469e-09
126	3.12492e-09
127	3.52066e-09
128	3.83283e-09
129	4.00418e-09
130	4.08137e-09
131	4.18931e-09
132	4.45305e-09
133	4.92299e-09
134	5.54367e-09
135	6.18642e-09
136	6.72072e-09
137	7.08492e-09
138	7.31951e-09
139	7.54465e-09
140	7.90268e-09
141	8.48874e-09
142	9.30804e-09
143	1.02755e-08
144	1.12561e-08
145	1.21232e-08
146	1.28145e-08
147	1.33606e-08
148	1.38735e-08
149	1.45076e-08
150	1.5401e-08
151	1.66285e-08
152	1.81716e-08
153	1.99242e-08
154	2.17241e-08
155	2.34041e-08
156	2.48427e-08
157	2.60029e-08
158	2.69438e-08
159	2.78112e-08
160	2.88013e-08
161	3.0116e-08
162	3.19147e-08
163	3.42771e-08
164	3.7189e-08
165	4.05405e-08
166	4.41552e-08
167	4.78212e-08
168	5.13405e-08
169	5.45611e-08
170	5.74102e-08
171	5.99063e-08
172	6.21539e-08
173	6.43296e-08
174	6.6652e-08
175	6.93442e-08
176	7.26043e-08
177	7.65744e-08
178	8.13213e-08
179	8.68313e-08
180	9.30104e-08
181	9.97056e-08
182	1.06722e-07
183	1.13858e-07
184	1.20924e-07
185	1.27779e-07
186	1.34337e-07
187	1.40585e-07
188	1.46586e-07
189	1.52466e-07
190	1.58406e-07
191	1.64625e-07
192	1.71352e-07
193	1.78811e-07
194	1.87196e-07
195	1.96658e-07
196	2.07288e-07
197	2.1911e-07
198	2.32082e-07
199	2.461e-07
200	2.61007e-07
201	2.76604e-07
202	2.92666e-07
203	3.08965e-07
204	3.25277e-07
205	3.41409e-07
206	3.57208e-07
207	3.72563e-07
208	3.87428e-07
209	4.01812e-07
210	4.15783e-07
211	4.29464e-07
212	4.43028e-07
213	4.56688e-07
214	4.70686e-07
215	4.85286e-07
216	5.00759e-07
217	5.17369e-07
218	5.35371e-07
219	5.5499e-07
220	5.76425e-07
221	5.99826e-07
222	6.25305e-07
223	6.52923e-07
224	6.8269e-07
225	7.14572e-07
226	7.48489e-07
227	7.8432e-07
228	8.21913e-07
229	8.61086e-07
230	9.01639e-07
231	9.4336e-07
232	9.86034e-07
233	1.02945e-06
234	1.07339e-06
235	1.11768e-06
236	1.16213e-06
237	1.20659e-06
238	1.25094e-06
239	1.29508e-06
240	1.33891e-06
241	1.38239e-06
242	1.4255e-06
243	1.46824e-06
244	1.51063e-06
245	1.55271e-06
246	1.59457e-06
247	1.63628e-06
248	1.67796e-06
249	1.71972e-06
250	1.76169e-06
251	1.80401e-06
252	1.84681e-06
253	1.89024e-06
254	1.93444e-06
255	1.97953e-06
256	2.02565e-06
257	2.0729e-06
258	2.12138e-06
259	2.17118e-06
260	2.22237e-06
261	2.275e-06
262	2.32911e-06
263	2.38472e-06
264	2.44184e-06
265	2.50046e-06
266	2.56057e-06
267	2.62213e-06
268	2.68512e-06
269	2.74948e-06
270	2.81515e-06
271	2.88209e-06
272	2.95021e-06
273	3.01946e-06
274	3.08975e-06
275	3.161e-06
276	3.23313e-06
277	3.30605e-06
278	3.37966e-06
279	3.45387e-06
280	3.52857e-06
281	3.60366e-06
282	3.67903e-06
283	3.75456e-06
284	3.83014e-06
285	3.90566e-06
286	3.981e-06
287	4.05605e-06
288	4.13069e-06
289	4.20482e-06
290	4.27834e-06
291	4.35114e-06
292	4.42314e-06
293	4.49426e-06
294	4.56442e-06
295	4.63355e-06
296	4.70161e-06
297	4.76853e-06
298	4.83429e-06
299	4.89884e-06
300	4.96217e-06
301	5.02425e-06
302	5.08508e-06
303	5.14465e-06
304	5.20294e-06
305	5.25996e-06
306	5.31569e-06
307	5.37015e-06
308	5.42331e-06
309	5.47518e-06
310	5.52574e-06
311	5.57497e-06
312	5.62286e-06
313	5.66938e-06
314	5.71451e-06
315	5.75821e-06
316	5.80044e-06
317	5.84117e-06
318	5.88034e-06
319	5.91793e-06
320	5.95387e-06
321	5.98812e-06
322	6.02063e-06
323	6.05136e-06
324	6.08026e-06
325	6.10728e-06
326	6.1324e-06
327	6.15557e-06
328	6.17676e-06
329	6.19596e-06
330	6.21313e-06
331	6.22828e-06
332	6.24139e-06
333	6.25246e-06
334	6.26149e-06
335	6.26851e-06
336	6.27353e-06
337	6.27656e-06
338	6.27764e-06
339	6.2768e-06
340	6.27407e-06
341	6.2695e-06
342	6.26312e-06
343	6.25497e-06
344	6.24511e-06
345	6.23357e-06
346	6.2204e-06
347	6.20564e-06
348	6.18935e-06
349	6.17157e-06
350	6.15233e-06
351	6.13167e-06
352	6.10964e-06
353	6.08627e-06
354	6.06159e-06
355	6.03564e-06
356	6.00845e-06
357	5.98004e-06
358	5.95044e-06
359	5.91967e-06
360	5.88775e-06
361	5.8547e-06
362	5.82053e-06
363	5.78527e-06
364	5.74893e-06
365	5.71153e-06
366	5.67307e-06
367	5.63357e-06
368	5.59305e-06
369	5.55151e-06
370	5.50898e-06
371	5.46547e-06
372	5.42099e-06
373	5.37557e-06
374	5.32922e-06
375	5.28197e-06
376	5.23383e-06
377	5.18484e-06
378	5.13501e-06
379	5.08439e-06
380	5.033e-06
381	4.98087e-06
382	4.92804e-06
383	4.87455e-06
384	4.82044e-06
385	4.76574e-06
386	4.71051e-06
387	4.65478e-06
388	4.5986e-06
389	4.54201e-06
390	4.48506e-06
391	4.42781e-06
392	4.37028e-06
393	4.31254e-06
394	4.25462e-06
395	4.19658e-06
396	4.13845e-06
397	4.08029e-06
398	4.02214e-06
399	3.96403e-06
400	3.90601e-06
401	3.84812e-06
402	3.79039e-06
403	3.73286e-06
404	3.67556e-06
405	3.61852e-06
406	3.56178e-06
407	3.50536e-06
408	3.44929e-06
409	3.39359e-06
410	3.33829e-06
411	3.2834e-06
412	3.22894e-06
413	3.17494e-06
414	3.1214e-06
415	3.06835e-06
416	3.0158e-06
417	2.96375e-06
418	2.91222e-06
419	2.86122e-06
420	2.81075e-06
421	2.76083e-06
422	2.71147e-06
423	2.66265e-06
424	2.61441e-06
425	2.56673e-06
426	2.51962e-06
427	2.47309e-06
428	2.42715e-06
429	2.38179e-06
430	2.33701e-06
431	2.29284e-06
432	2.24925e-06
433	2.20627e-06
434	2.16389e-06
435	2.12212e-06
436	2.08096e-06
437	2.04042e-06
438	2.0005e-06
439	1.96122e-06
440	1.92257e-06
441	1.88457e-06
442	1.84722e-06
443	1.81054e-06
444	1.77454e-06
445	1.73923e-06
446	1.70462e-06
447	1.67073e-06
448	1.63759e-06
449	1.6052e-06
450	1.57359e-06
451	1.54278e-06
452	1.5128e-06
453	1.48367e-06
454	1.45543e-06
455	1.4281e-06
456	1.40173e-06
457	1.37634e-06
458	1.35197e-06
459	1.32867e-06
460	1.30648e-06
461	1.28545e-06
462	1.26562e-06
463	1.24704e-06
464	1.22978e-06
465	1.21388e-06
466	1.19941e-06
467	1.18643e-06
468	1.175e-06
469	1.16519e-06
470	1.15707e-06
471	1.15071e-06
472	1.14619e-06
473	1.14359e-06
474	1.14298e-06
475	1.14445e-06
476	1.14808e-06
477	1.15395e-06
478	1.16217e-06
479	1.17281e-06
480	1.18598e-06
481	1.20176e-06
482	1.22026e-06
483	1.24157e-06
484	1.2658e-06
485	1.29305e-06
486	1.32343e-06
487	1.35703e-06
488	1.39397e-06
489	1.43436e-06
490	1.47831e-06
491	1.52593e-06
492	1.57733e-06
493	1.63262e-06
494	1.69193e-06
495	1.75536e-06
496	1.82304e-06
497	1.89507e-06
498	1.97158e-06
499	2.05268e-06
500	2.13849e-06
501	2.22912e-06
502	2.32469e-06
503	2.42532e-06
504	2.53112e-06
505	2.64221e-06
506	2.75869e-06
507	2.88069e-06
508	3.00831e-06
509	3.14165e-06
510	3.28083e-06
511	3.42596e-06
512	3.57713e-06
513	3.73444e-06
514	3.898e-06
515	4.06789e-06
516	4.24421e-06
517	4.42705e-06
518	4.61649e-06
519	4.81261e-06
520	5.01548e-06
521	5.22519e-06
522	5.44179e-06
523	5.66536e-06
524	5.89594e-06
525	6.1336e-06
526	6.37837e-06
527	6.63031e-06
528	6.88944e-06
529	7.1558e-06
530	7.42941e-06
531	7.71029e-06
532	7.99845e-06
533	8.29389e-06
534	8.59661e-06
535	8.9066e-06
536	9.22384e-06
537	9.54831e-06
538	9.87997e-06
539	1.02188e-05
540	1.05647e-05
541	1.09177e-05
542	1.12776e-05
543	1.16445e-05
544	1.20182e-05
545	1.23986e-05
546	1.27856e-05
547	1.31792e-05
548	1.35792e-05
549	1.39855e-05
550	1.4398e-05
551	1.48164e-05
552	1.52407e-05
553	1.56707e-05
554	1.61063e-05
555	1.65471e-05
556	1.69931e-05
557	1.74441e-05
558	1.78998e-05
559	1.836e-05
560	1.88246e-05
561	1.92931e-05
562	1.97655e-05
563	2.02415e-05
564	2.07207e-05
565	2.12029e-05
566	2.16879e-05
567	2.21753e-05
568	2.26649e-05
569	2.31563e-05
570	2.36491e-05
571	2.41432e-05
572	2.46381e-05
573	2.51335e-05
574	2.56291e-05
575	2.61244e-05
576	2.66192e-05
577	2.7113e-05
578	2.76055e-05
579	2.80962e-05
580	2.85849e-05
581	2.9071e-05
582	2.95542e-05
583	3.0034e-05
584	3.05101e-05
585	3.0982e-05
586	3.14493e-05
587	3.19116e-05
588	3.23684e-05
589	3.28194e-05
590	3.32639e-05
591	3.37018e-05
592	3.41324e-05
593	3.45554e-05
594	3.49703e-05
595	3.53766e-05
596	3.5774e-05
597	3.6162e-05
598	3.65402e-05
599	3.69082e-05
600	3.72654e-05
601	3.76116e-05
602	3.79462e-05
603	3.82689e-05
604	3.85793e-05
605	3.88769e-05
606	3.91615e-05
607	3.94325e-05
608	3.96897e-05
609	3.99326e-05
610	4.0161e-05
611	4.03744e-05
612	4.05726e-05
613	4.07553e-05
614	4.0922e-05
615	4.10726e-05
616	4.12068e-05
617	4.13242e-05
618	4.14247e-05
619	4.1508e-05
620	4.15739e-05
621	4.16222e-05
622	4.16526e-05
623	4.16651e-05
624	4.16595e-05
625	4.16356e-05
626	4.15934e-05
627	4.15326e-05
628	4.14534e-05
629	4.13555e-05
630	4.12389e-05
631	4.11038e-05
632	4.09499e-05
633	4.07774e-05
634	4.05863e-05
635	4.03767e-05
636	4.01487e-05
637	3.99023e-05
638	3.96377e-05
639	3.9355e-05
640	3.90545e-05
641	3.87362e-05
642	3.84005e-05
643	3.80476e-05
644	3.76777e-05
645	3.72911e-05
646	3.68881e-05
647	3.6469e-05
648	3.60342e-05
649	3.55841e-05
650	3.5119e-05
651	3.46394e-05
652	3.41456e-05
653	3.36382e-05
654	3.31176e-05
655	3.25842e-05
656	3.20387e-05
657	3.14814e-05
658	3.09131e-05
659	3.03341e-05
660	2.97451e-05
661	2.91467e-05
662	2.85394e-05
663	2.7924e-05
664	2.73009e-05
665	2.6671e-05
666	2.60347e-05
667	2.53928e-05
668	2.4746e-05
669	2.40948e-05
670	2.34401e-05
671	2.27825e-05
672	2.21227e-05
673	2.14614e-05
674	2.07992e-05
675	2.0137e-05
676	1.94754e-05
677	1.88152e-05
678	1.8157e-05
679	1.75015e-05
680	1.68494e-05
681	1.62015e-05
682	1.55584e-05
683	1.49208e-05
684	1.42895e-05
685	1.36649e-05
686	1.30479e-05
687	1.24391e-05
688	1.18391e-05
689	1.12485e-05
690	1.0668e-05
691	1.00981e-05
692	9.53938e-06
693	8.9925e-06
694	8.45796e-06
695	7.93629e-06
696	7.428e-06
697	6.93359e-06
698	6.45353e-06
699	5.98828e-06
700	5.53825e-06
701	5.10386e-06
702	4.68549e-06
703	4.28351e-06
704	3.89824e-06
705	3.53e-06
706	3.17907e-06
707	2.84572e-06
708	2.53017e-06
709	2.23263e-06
710	1.95328e-06
711	1.69228e-06
712	1.44973e-06
713	1.22575e-06
714	1.02039e-06
715	8.33704e-07
716	6.65692e-07
717	5.1634e-07
718	3.85602e-07
719	2.73405e-07
720	1.79646e-07
721	1.04195e-07
722	4.68961e-08
723	7.56287e-09
724	-1.40161e-08
725	-1.80792e-08
726	-4.89107e-09
727	2.5258e-08
728	7.20526e-08
729	1.35153e-07
730	2.14195e-07
731	3.08792e-07
732	4.18534e-07
733	5.4299e-07
734	6.81708e-07
735	8.34215e-07
736	1.00002e-06
737	1.17861e-06
738	1.36947e-06
739	1.57204e-06
740	1.78577e-06
741	2.01008e-06
742	2.24439e-06
743	2.4881e-06
744	2.74059e-06
745	3.00126e-06
746	3.26945e-06
747	3.54455e-06
748	3.82589e-06
749	4.11284e-06
750	4.40474e-06
751	4.70092e-06
752	5.00074e-06
753	5.30351e-06
754	5.60859e-06
755	5.91531e-06
756	6.22301e-06
757	6.53103e-06
758	6.83873e-06
759	7.14546e-06
760	7.45058e-06
761	7.75346e-06
762	8.05347e-06
763	8.35e-06
764	8.64246e-06
765	8.93025e-06
766	9.21279e-06
767	9.48953e-06
768	9.75991e-06
769	1.00234e-05
770	1.02795e-05
771	1.05277e-05
772	1.07675e-05
773	1.09985e-05
774	1.12202e-05
775	1.14322e-05
776	1.16341e-05
777	1.18255e-05
778	1.20061e-05
779	1.21756e-05
780	1.23336e-05
781	1.24799e-05
782	1.26142e-05
783	1.27362e-05
784	1.28458e-05
785	1.29428e-05
786	1.30271e-05
787	1.30984e-05
788	1.31567e-05
789	1.3202e-05
790	1.32341e-05
791	1.32531e-05
792	1.32589e-05
793	1.32516e-05
794	1.32313e-05
795	1.31979e-05
796	1.31517e-05
797	1.30927e-05
798	1.3021e-05
799	1.2937e-05
800	1.28407e-05
801	1.27324e-05
802	1.26124e-05
803	1.24808e-05
804	1.23381e-05
805	1.21844e-05
806	1.20202e-05
807	1.18457e-05
808	1.16614e-05
809	1.14676e-05
810	1.12647e-05
811	1.10531e-05
812	1.08333e-05
813	1.06057e-05
814	1.03708e-05
815	1.0129e-05
816	9.8808e-06
817	9.62671e-06
818	9.3672e-06
819	9.1028e-06
820	8.83402e-06
821	8.56137e-06
822	8.28538e-06
823	8.00657e-06
824	7.72549e-06
825	7.44267e-06
826	7.15863e-06
827	6.87392e-06
828	6.58906e-06
829	6.3046e-06
830	6.02105e-06
831	5.73894e-06
832	5.45879e-06
833	5.18111e-06
834	4.9064e-06
835	4.63517e-06
836	4.36791e-06
837	4.10507e-06
838	3.84715e-06
839	3.59458e-06
840	3.34782e-06
841	3.10729e-06
842	2.8734e-06
843	2.64655e-06
844	2.42714e-06
845	2.21552e-06
846	2.01204e-06
847	1.81703e-06
848	1.63082e-06
849	1.45369e-06
850	1.28592e-06
851	1.12777e-06
852	9.79467e-07
853	8.41229e-07
854	7.13251e-07
855	5.95705e-07
856	4.88742e-07
857	3.92492e-07
858	3.07064e-07
859	2.32544e-07
860	1.68996e-07
861	1.16463e-07
862	7.4965e-08
863	4.45019e-08
864	2.50509e-08
865	1.65678e-08
866	1.89875e-08
867	3.22237e-08
868	5.61692e-08
869	9.06968e-08
870	1.35659e-07
871	1.90888e-07
872	2.56199e-07
873	3.31385e-07
874	4.16224e-07
875	5.10474e-07
876	6.13876e-07
877	7.26157e-07
878	8.47024e-07
879	9.76172e-07
880	1.11328e-06
881	1.25801e-06
882	1.41002e-06
883	1.56894e-06
884	1.7344e-06
885	1.90602e-06
886	2.08341e-06
887	2.26616e-06
888	2.45385e-06
889	2.64608e-06
890	2.84241e-06
891	3.04241e-06
892	3.24565e-06
893	3.45167e-06
894	3.66005e-06
895	3.87032e-06
896	4.08204e-06
897	4.29477e-06
898	4.50805e-06
899	4.72143e-06
900	4.93448e-06
901	5.14674e-06
902	5.35778e-06
903	5.56717e-06
904	5.77447e-06
905	5.97927e-06
906	6.18115e-06
907	6.3797e-06
908	6.57453e-06
909	6.76524e-06
910	6.95147e-06
911	7.13284e-06
912	7.30899e-06
913	7.47959e-06
914	7.64431e-06
915	7.80282e-06
916	7.95483e-06
917	8.10005e-06
918	8.2382e-06
919	8.36902e-06
920	8.49229e-06
921	8.60776e-06
922	8.71523e-06
923	8.81452e-06
924	8.90544e-06
925	8.98783e-06
926	9.06157e-06
927	9.12652e-06
928	9.18259e-06
929	9.22969e-06
930	9.26775e-06
931	9.29672e-06
932	9.31657e-06
933	9.32729e-06
934	9.32888e-06
935	9.32138e-06
936	9.30481e-06
937	9.27925e-06
938	9.24475e-06
939	9.20143e-06
940	9.14939e-06
941	9.08876e-06
942	9.01968e-06
943	8.94232e-06
944	8.85685e-06
945	8.76345e-06
946	8.66235e-06
947	8.55375e-06
948	8.4379e-06
949	8.31503e-06
950	8.18542e-06
951	8.04933e-06
952	7.90705e-06
953	7.75888e-06
954	7.60511e-06
955	7.44607e-06
956	7.28208e-06
957	7.11347e-06
958	6.94059e-06
959	6.76377e-06
960	6.58338e-06
961	6.39978e-06
962	6.21332e-06
963	6.02438e-06
964	5.83332e-06
965	5.64052e-06
966	5.44635e-06
967	5.25119e-06
968	5.05542e-06
969	4.8594e-06
970	4.66352e-06
971	4.46814e-06
972	4.27364e-06
973	4.08038e-06
974	3.88872e-06
975	3.69901e-06
976	3.5116e-06
977	3.32685e-06
978	3.14508e-06
979	2.96663e-06
980	2.79181e-06
981	2.62095e-06
982	2.45433e-06
983	2.29226e-06
984	2.13502e-06
985	1.98287e-06
986	1.83608e-06
987	1.6949e-06
988	1.55957e-06
989	1.43029e-06
990	1.3073e-06
991	1.19078e-06
992	1.08091e-06
993	9.77876e-07
994	8.81818e-07
995	7.92881e-07
996	7.11191e-07
997	6.36859e-07
998	5.6998e-07
999	5.10634e-07
1000	4.58888e-07
1001	4.14791e-07
1002	3.78378e-07
1003	3.49669e-07
1004	3.28666e-07
1005	3.1536e-07
1006	3.09724e-07
1007	3.11716e-07
1008	3.21281e-07
1009	3.38347e-07
1010	3.62829e-07
1011	3.94627e-07
1012	4.33628e-07
1013	4.79705e-07
1014	5.32716e-07
1015	5.92508e-07
1016	6.58915e-07
1017	7.31758e-07
1018	8.10847e-07
1019	8.95979e-07
1020	9.86943e-07
1021	1.08351e-06
1022	1.18546e-06
1023	1.29254e-06
1024	1.4045e-06
1025	1.52108e-06
1026	1.64202e-06
1027	1.76703e-06
1028	1.89584e-06
1029	2.02816e-06
1030	2.1637e-06
1031	2.30216e-06
1032	2.44324e-06
1033	2.58663e-06
1034	2.73202e-06
1035	2.87911e-06
1036	3.02758e-06
1037	3.17712e-06
1038	3.32742e-06
1039	3.47815e-06
1040	3.62901e-06
1041	3.77969e-06
1042	3.92988e-06
1043	4.07927e-06
1044	4.22755e-06
1045	4.37443e-06
1046	4.51961e-06
1047	4.6628e-06
1048	4.80371e-06
1049	4.94206e-06
1050	5.07759e-06
1051	5.21002e-06
1052	5.3391e-06
1053	5.46457e-06
1054	5.58619e-06
1055	5.70373e-06
1056	5.81697e-06
1057	5.92569e-06
1058	6.02968e-06
1059	6.12875e-06
1060	6.22272e-06
1061	6.31142e-06
1062	6.39468e-06
1063	6.47235e-06
1064	6.54429e-06
1065	6.61039e-06
1066	6.67053e-06
1067	6.7246e-06
1068	6.77252e-06
1069	6.81421e-06
1070	6.84962e-06
1071	6.87868e-06
1072	6.90137e-06
1073	6.91765e-06
1074	6.92753e-06
1075	6.931e-06
1076	6.92807e-06
1077	6.91877e-06
1078	6.90315e-06
1079	6.88125e-06
1080	6.85314e-06
1081	6.81889e-06
1082	6.7786e-06
1083	6.73237e-06
1084	6.6803e-06
1085	6.62252e-06
1086	6.55916e-06
1087	6.49037e-06
1088	6.41629e-06
1089	6.3371e-06
1090	6.25296e-06
1091	6.16406e-06
1092	6.07059e-06
1093	5.97274e-06
1094	5.87072e-06
1095	5.76474e-06
1096	5.65503e-06
1097	5.5418e-06
1098	5.4253e-06
1099	5.30575e-06
1100	5.18341e-06
1101	5.05851e-06
1102	4.93131e-06
1103	4.80205e-06
1104	4.67101e-06
1105	4.53842e-06
1106	4.40456e-06
1107	4.26969e-06
1108	4.13407e-06
1109	3.99795e-06
1110	3.86161e-06
1111	3.72531e-06
1112	3.5893e-06
1113	3.45384e-06
1114	3.31919e-06
1115	3.1856e-06
1116	3.05332e-06
1117	2.9226e-06
1118	2.79368e-06
1119	2.6668e-06
1120	2.54218e-06
1121	2.42006e-06
1122	2.30066e-06
1123	2.18418e-06
1124	2.07084e-06
1125	1.96084e-06
1126	1.85437e-06
1127	1.7516e-06
1128	1.65273e-06
1129	1.55791e-06
1130	1.46731e-06
1131	1.38107e-06
1132	1.29933e-06
1133	1.22223e-06
1134	1.14988e-06
1135	1.0824e-06
1136	1.01989e-06
1137	9.62433e-07
1138	9.10112e-07
1139	8.62996e-07
1140	8.21144e-07
1141	7.84604e-07
1142	7.53411e-07
1143	7.27593e-07
1144	7.07164e-07
1145	6.9213e-07
1146	6.82485e-07
1147	6.78212e-07
1148	6.79283e-07
1149	6.85662e-07
1150	6.973e-07
1151	7.1414e-07
1152	7.36114e-07
1153	7.63143e-07
1154	7.95142e-07
1155	8.32013e-07
1156	8.7365e-07
1157	9.19939e-07
1158	9.70757e-07
1159	1.02597e-06
1160	1.08545e-06
1161	1.14903e-06
1162	1.21657e-06
1163	1.2879e-06
1164	1.36286e-06
1165	1.44127e-06
1166	1.52295e-06
1167	1.60771e-06
1168	1.69537e-06
1169	1.78572e-06
1170	1.87857e-06
1171	1.97372e-06
1172	2.07094e-06
1173	2.17004e-06
1174	2.2708e-06
1175	2.373e-06
1176	2.47642e-06
1177	2.58086e-06
1178	2.68607e-06
1179	2.79186e-06
1180	2.89799e-06
1181	3.00425e-06
1182	3.11041e-06
1183	3.21627e-06
1184	3.32159e-06
1185	3.42618e-06
1186	3.52982e-06
1187	3.6323e-06
1188	3.73341e-06
1189	3.83296e-06
1190	3.93075e-06
1191	4.02658e-06
1192	4.12027e-06
1193	4.21164e-06
1194	4.30051e-06
1195	4.38671e-06
1196	4.47008e-06
1197	4.55045e-06
1198	4.62768e-06
1199	4.70163e-06
1200	4.77215e-06
1201	4.83911e-06
1202	4.9024e-06
1203	4.96191e-06
1204	5.01752e-06
1205	5.06914e-06
1206	5.11667e-06
1207	5.16005e-06
1208	5.19919e-06
1209	5.23404e-06
1210	5.26454e-06
1211	5.29065e-06
1212	5.31232e-06
1213	5.32953e-06
1214	5.34227e-06
1215	5.35052e-06
1216	5.35428e-06
1217	5.35356e-06
1218	5.34837e-06
1219	5.33875e-06
1220	5.32473e-06
1221	5.30635e-06
1222	5.28366e-06
1223	5.25672e-06
1224	5.2256e-06
1225	5.19038e-06
1226	5.15113e-06
1227	5.10796e-06
1228	5.06095e-06
1229	5.01022e-06
1230	4.95588e-06
1231	4.89804e-06
1232	4.83683e-06
1233	4.77239e-06
1234	4.70485e-06
1235	4.63435e-06
1236	4.56105e-06
1237	4.48509e-06
1238	4.40664e-06
1239	4.32585e-06
1240	4.2429e-06
1241	4.15794e-06
1242	4.07116e-06
1243	3.98273e-06
1244	3.89283e-06
1245	3.80163e-06
1246	3.70931e-06
1247	3.61607e-06
1248	3.52208e-06
1249	3.42753e-06
1250	3.3326e-06
1251	3.23748e-06
1252	3.14235e-06
1253	3.04739e-06
1254	2.95278e-06
1255	2.85871e-06
1256	2.76535e-06
1257	2.67288e-06
1258	2.58146e-06
1259	2.49128e-06
1260	2.40249e-06
1261	2.31526e-06
1262	2.22975e-06
1263	2.14612e-06
1264	2.0645e-06
1265	1.98506e-06
1266	1.90793e-06
1267	1.83324e-06
1268	1.76113e-06
1269	1.69171e-06
1270	1.62511e-06
1271	1.56145e-06
1272	1.50082e-06
1273	1.44332e-06
1274	1.38905e-06
1275	1.33809e-06
1276	1.29052e-06
1277	1.24642e-06
1278	1.20584e-06
1279	1.16885e-06
1280	1.13549e-06
1281	1.10581e-06
1282	1.07984e-06
1283	1.05761e-06
1284	1.03914e-06
1285	1.02444e-06
1286	1.01351e-06
1287	1.00636e-06
1288	1.00297e-06
1289	1.00333e-06
1290	1.0074e-06
1291	1.01517e-06
1292	1.02658e-06
1293	1.0416e-06
1294	1.06017e-06
1295	1.08222e-06
1296	1.1077e-06
1297	1.13653e-06
1298	1.16863e-06
1299	1.20392e-06
1300	1.2423e-06
1301	1.28368e-06
1302	1.32795e-06
1303	1.37501e-06
1304	1.42475e-06
1305	1.47704e-06
1306	1.53177e-06
1307	1.58882e-06
1308	1.64804e-06
1309	1.70931e-06
1310	1.7725e-06
1311	1.83745e-06
1312	1.90404e-06
1313	1.97211e-06
1314	2.04151e-06
1315	2.11211e-06
1316	2.18374e-06
1317	2.25626e-06
1318	2.3295e-06
1319	2.40333e-06
1320	2.47758e-06
1321	2.55211e-06
1322	2.62674e-06
1323	2.70135e-06
1324	2.77576e-06
1325	2.84983e-06
1326	2.92342e-06
1327	2.99636e-06
1328	3.06852e-06
1329	3.13975e-06
1330	3.20991e-06
1331	3.27886e-06
1332	3.34647e-06
1333	3.41261e-06
1334	3.47713e-06
1335	3.53993e-06
1336	3.60088e-06
1337	3.65986e-06
1338	3.71676e-06
1339	3.77148e-06
1340	3.82391e-06
1341	3.87395e-06
1342	3.92152e-06
1343	3.96652e-06
1344	4.00888e-06
1345	4.04852e-06
1346	4.08536e-06
1347	4.11936e-06
1348	4.15044e-06
1349	4.17856e-06
1350	4.20368e-06
1351	4.22575e-06
1352	4.24473e-06
1353	4.26062e-06
1354	4.27337e-06
1355	4.28299e-06
1356	4.28946e-06
1357	4.29278e-06
1358	4.29295e-06
1359	4.29e-06
1360	4.28393e-06
1361	4.27476e-06
1362	4.26254e-06
1363	4.24729e-06
1364	4.22905e-06
1365	4.20788e-06
1366	4.18382e-06
1367	4.15693e-06
1368	4.12727e-06
1369	4.09492e-06
1370	4.05995e-06
1371	4.02243e-06
1372	3.98245e-06
1373	3.9401e-06
1374	3.89546e-06
1375	3.84863e-06
1376	3.79972e-06
1377	3.74882e-06
1378	3.69604e-06
1379	3.64149e-06
1380	3.58529e-06
1381	3.52754e-06
1382	3.46837e-06
1383	3.40789e-06
1384	3.34624e-06
1385	3.28353e-06
1386	3.21988e-06
1387	3.15543e-06
1388	3.0903e-06
1389	3.02462e-06
1390	2.95852e-06
1391	2.89212e-06
1392	2.82557e-06
1393	2.75897e-06
1394	2.69247e-06
1395	2.62619e-06
1396	2.56026e-06
1397	2.4948e-06
1398	2.42993e-06
1399	2.36578e-06
1400	2.30247e-06
1401	2.2401e-06
1402	2.17881e-06
1403	2.1187e-06
1404	2.05988e-06
1405	2.00245e-06
1406	1.94652e-06
1407	1.89219e-06
1408	1.83955e-06
1409	1.7887e-06
1410	1.73973e-06
1411	1.69271e-06
1412	1.64773e-06
1413	1.60486e-06
1414	1.56417e-06
1415	1.52573e-06
1416	1.4896e-06
1417	1.45584e-06
1418	1.42449e-06
1419	1.39561e-06
1420	1.36923e-06
1421	1.34539e-06
1422	1.32412e-06
1423	1.30544e-06
1424	1.28938e-06
1425	1.27595e-06
1426	1.26516e-06
1427	1.25702e-06
1428	1.25151e-06
1429	1.24865e-06
1430	1.24841e-06
1431	1.25078e-06
1432	1.25574e-06
1433	1.26325e-06
1434	1.2733e-06
1435	1.28584e-06
1436	1.30084e-06
1437	1.31824e-06
1438	1.33799e-06
1439	1.36005e-06
1440	1.38434e-06
1441	1.41082e-06
1442	1.43941e-06
1443	1.47004e-06
1444	1.50264e-06
1445	1.53712e-06
1446	1.57341e-06
1447	1.61142e-06
1448	1.65107e-06
1449	1.69226e-06
1450	1.7349e-06
1451	1.77889e-06
1452	1.82415e-06
1453	1.87056e-06
1454	1.91802e-06
1455	1.96644e-06
1456	2.01571e-06
1457	2.06572e-06
1458	2.11637e-06
1459	2.16755e-06
1460	2.21915e-06
1461	2.27106e-06
1462	2.32318e-06
1463	2.3754e-06
1464	2.42761e-06
1465	2.4797e-06
1466	2.53158e-06
1467	2.58312e-06
1468	2.63424e-06
1469	2.68482e-06
1470	2.73477e-06
1471	2.78398e-06
1472	2.83237e-06
1473	2.87983e-06
1474	2.92627e-06
1475	2.9716e-06
1476	3.01574e-06
1477	3.0586e-06
1478	3.1001e-06
1479	3.14015e-06
1480	3.17869e-06
1481	3.21564e-06
1482	3.25093e-06
1483	3.28451e-06
1484	3.3163e-06
1485	3.34625e-06
1486	3.3743e-06
1487	3.40041e-06
1488	3.42454e-06
1489	3.44663e-06
1490	3.46665e-06
1491	3.48458e-06
1492	3.50038e-06
1493	3.51403e-06
1494	3.5255e-06
1495	3.53479e-06
1496	3.54188e-06
1497	3.54676e-06
1498	3.54944e-06
1499	3.54992e-06
1500	3.5482e-06
1501	3.54429e-06
1502	3.53822e-06
1503	3.52999e-06
1504	3.51964e-06
1505	3.50719e-06
1506	3.49267e-06
1507	3.47613e-06
1508	3.45759e-06
1509	3.4371e-06
1510	3.41472e-06
1511	3.39049e-06
1512	3.36447e-06
1513	3.33671e-06
1514	3.30727e-06
1515	3.27622e-06
1516	3.24363e-06
1517	3.20956e-06
1518	3.17409e-06
1519	3.1373e-06
1520	3.09925e-06
1521	3.06002e-06
1522	3.01971e-06
1523	2.97838e-06
1524	2.93613e-06
1525	2.89304e-06
1526	2.84919e-06
1527	2.80468e-06
1528	2.75959e-06
1529	2.71401e-06
1530	2.66804e-06
1531	2.62175e-06
1532	2.57525e-06
1533	2.52862e-06
1534	2.48196e-06
1535	2.43534e-06
1536	2.38887e-06
1537	2.34263e-06
1538	2.2967e-06
1539	2.25118e-06
1540	2.20614e-06
1541	2.16168e-06
1542	2.11788e-06
1543	2.0748e-06
1544	2.03255e-06
1545	1.99118e-06
1546	1.95078e-06
1547	1.91141e-06
1548	1.87316e-06
1549	1.83608e-06
1550	1.80023e-06
1551	1.76569e-06
1552	1.73251e-06
1553	1.70075e-06
1554	1.67045e-06
1555	1.64168e-06
1556	1.61447e-06
1557	1.58887e-06
1558	1.56492e-06
1559	1.54265e-06
1560	1.52211e-06
1561	1.50331e-06
1562	1.48628e-06
1563	1.47105e-06
1564	1.45763e-06
1565	1.44605e-06
1566	1.4363e-06
1567	1.4284e-06
1568	1.42234e-06
1569	1.41814e-06
1570	1.41579e-06
1571	1.41527e-06
1572	1.41659e-06
1573	1.41971e-06
1574	1.42464e-06
1575	1.43133e-06
1576	1.43978e-06
1577	1.44995e-06
1578	1.4618e-06
1579	1.47531e-06
1580	1.49044e-06
1581	1.50715e-06
1582	1.52538e-06
1583	1.5451e-06
1584	1.56626e-06
1585	1.58881e-06
1586	1.61268e-06
1587	1.63783e-06
1588	1.66419e-06
1589	1.69171e-06
1590	1.72031e-06
1591	1.74995e-06
1592	1.78054e-06
1593	1.81202e-06
1594	1.84433e-06
1595	1.87738e-06
1596	1.91111e-06
1597	1.94545e-06
1598	1.98032e-06
1599	2.01565e-06
1600	2.05135e-06
1601	2.08737e-06
1602	2.12361e-06
1603	2.16001e-06
1604	2.19649e-06
1605	2.23298e-06
1606	2.26939e-06
1607	2.30565e-06
1608	2.3417e-06
1609	2.37745e-06
1610	2.41284e-06
1611	2.44779e-06
1612	2.48223e-06
1613	2.5161e-06
1614	2.54933e-06
1615	2.58185e-06
1616	2.61361e-06
1617	2.64453e-06
1618	2.67455e-06
1619	2.70363e-06
1620	2.7317e-06
1621	2.75872e-06
1622	2.78462e-06
1623	2.80937e-06
1624	2.83292e-06
1625	2.85522e-06
1626	2.87623e-06
1627	2.89592e-06
1628	2.91425e-06
1629	2.93118e-06
1630	2.9467e-06
1631	2.96077e-06
1632	2.97337e-06
1633	2.98448e-06
1634	2.99408e-06
1635	3.00217e-06
1636	3.00872e-06
1637	3.01373e-06
1638	3.0172e-06
1639	3.01912e-06
1640	3.01949e-06
1641	3.01833e-06
1642	3.01563e-06
1643	3.01141e-06
1644	3.00568e-06
1645	2.99845e-06
1646	2.98976e-06
1647	2.97961e-06
1648	2.96803e-06
1649	2.95505e-06
1650	2.94071e-06
1651	2.92502e-06
1652	2.90803e-06
1653	2.88978e-06
1654	2.8703e-06
1655	2.84964e-06
1656	2.82785e-06
1657	2.80495e-06
1658	2.78102e-06
1659	2.75609e-06
1660	2.73022e-06
1661	2.70346e-06
1662	2.67586e-06
1663	2.64749e-06
1664	2.6184e-06
1665	2.58864e-06
1666	2.55829e-06
1667	2.52739e-06
1668	2.49601e-06
1669	2.46422e-06
1670	2.43207e-06
1671	2.39963e-06
1672	2.36697e-06
1673	2.33413e-06
1674	2.3012e-06
1675	2.26823e-06
1676	2.23528e-06
1677	2.20243e-06
1678	2.16972e-06
1679	2.13722e-06
1680	2.105e-06
1681	2.07311e-06
1682	2.04161e-06
1683	2.01056e-06
1684	1.98002e-06
1685	1.95004e-06
1686	1.92068e-06
1687	1.89199e-06
1688	1.86401e-06
1689	1.83681e-06
1690	1.81042e-06
1691	1.7849e-06
1692	1.76029e-06
1693	1.73662e-06
1694	1.71394e-06
1695	1.69228e-06
1696	1.67169e-06
1697	1.65219e-06
1698	1.63382e-06
1699	1.6166e-06
1700	1.60055e-06
1701	1.58572e-06
1702	1.5721e-06
1703	1.55972e-06
1704	1.54861e-06
1705	1.53876e-06
1706	1.5302e-06
1707	1.52292e-06
1708	1.51694e-06
1709	1.51226e-06
1710	1.50888e-06
1711	1.50679e-06
1712	1.506e-06
1713	1.50649e-06
1714	1.50825e-06
1715	1.51128e-06
1716	1.51555e-06
1717	1.52106e-06
1718	1.52777e-06
1719	1.53568e-06
1720	1.54475e-06
1721	1.55497e-06
1722	1.56629e-06
1723	1.57869e-06
1724	1.59214e-06
1725	1.60661e-06
1726	1.62206e-06
1727	1.63844e-06
1728	1.65573e-06
1729	1.67388e-06
1730	1.69285e-06
1731	1.71259e-06
1732	1.73306e-06
1733	1.75421e-06
1734	1.77599e-06
1735	1.79837e-06
1736	1.82128e-06
1737	1.84467e-06
1738	1.86851e-06
1739	1.89272e-06
1740	1.91727e-06
1741	1.9421e-06
1742	1.96715e-06
1743	1.99238e-06
1744	2.01773e-06
1745	2.04315e-06
1746	2.06858e-06
1747	2.09397e-06
1748	2.11928e-06
1749	2.14444e-06
1750	2.16941e-06
1751	2.19414e-06
1752	2.21857e-06
1753	2.24266e-06
1754	2.26635e-06
1755	2.28961e-06
1756	2.31239e-06
1757	2.33463e-06
1758	2.3563e-06
1759	2.37736e-06
1760	2.39776e-06
1761	2.41746e-06
1762	2.43643e-06
1763	2.45463e-06
1764	2.47202e-06
1765	2.48858e-06
1766	2.50427e-06
1767	2.51907e-06
1768	2.53294e-06
1769	2.54586e-06
1770	2.55781e-06
1771	2.56877e-06
1772	2.57872e-06
1773	2.58764e-06
1774	2.59551e-06
1775	2.60233e-06
1776	2.60809e-06
1777	2.61277e-06
1778	2.61638e-06
1779	2.6189e-06
1780	2.62033e-06
1781	2.62068e-06
1782	2.61995e-06
1783	2.61815e-06
1784	2.61527e-06
1785	2.61133e-06
1786	2.60635e-06
1787	2.60033e-06
1788	2.59329e-06
1789	2.58524e-06
1790	2.57621e-06
1791	2.56621e-06
1792	2.55528e-06
1793	2.54342e-06
1794	2.53068e-06
1795	2.51707e-06
1796	2.50263e-06
1797	2.48738e-06
1798	2.47137e-06
1799	2.45461e-06
1800	2.43716e-06
1801	2.41903e-06
1802	2.40028e-06
1803	2.38093e-06
1804	2.36104e-06
1805	2.34063e-06
1806	2.31974e-06
1807	2.29843e-06
1808	2.27674e-06
1809	2.25469e-06
1810	2.23235e-06
1811	2.20975e-06
1812	2.18693e-06
1813	2.16394e-06
1814	2.14083e-06
1815	2.11764e-06
1816	2.09441e-06
1817	2.07119e-06
1818	2.04803e-06
1819	2.02495e-06
1820	2.00202e-06
1821	1.97926e-06
1822	1.95673e-06
1823	1.93447e-06
1824	1.91251e-06
1825	1.89089e-06
1826	1.86966e-06
1827	1.84886e-06
1828	1.82851e-06
1829	1.80866e-06
1830	1.78934e-06
1831	1.77059e-06
1832	1.75243e-06
1833	1.73491e-06
1834	1.71804e-06
1835	1.70185e-06
1836	1.68638e-06
1837	1.67165e-06
1838	1.65768e-06
1839	1.64449e-06
1840	1.63211e-06
1841	1.62055e-06
1842	1.60982e-06
1843	1.59996e-06
1844	1.59096e-06
1845	1.58284e-06
1846	1.57561e-06
1847	1.56927e-06
1848	1.56384e-06
1849	1.55932e-06
1850	1.5557e-06
1851	1.553e-06
1852	1.5512e-06
1853	1.55031e-06
1854	1.55033e-06
1855	1.55124e-06
1856	1.55303e-06
1857	1.5557e-06
1858	1.55924e-06
1859	1.56363e-06
1860	1.56885e-06
1861	1.5749e-06
1862	1.58175e-06
1863	1.58938e-06
1864	1.59777e-06
1865	1.6069e-06
1866	1.61675e-06
1867	1.62729e-06
1868	1.63849e-06
1869	1.65033e-06
1870	1.66278e-06
1871	1.67581e-06
1872	1.68938e-06
1873	1.70347e-06
1874	1.71804e-06
1875	1.73307e-06
1876	1.74851e-06
1877	1.76433e-06
1878	1.7805e-06
1879	1.79698e-06
1880	1.81374e-06
1881	1.83074e-06
1882	1.84793e-06
1883	1.8653e-06
1884	1.88279e-06
1885	1.90037e-06
1886	1.918e-06
1887	1.93565e-06
1888	1.95329e-06
1889	1.97086e-06
1890	1.98834e-06
1891	2.0057e-06
1892	2.02288e-06
1893	2.03987e-06
1894	2.05663e-06
1895	2.07311e-06
1896	2.0893e-06
1897	2.10515e-06
1898	2.12064e-06
1899	2.13573e-06
1900	2.15039e-06
1901	2.1646e-06
1902	2.17833e-06
1903	2.19156e-06
1904	2.20424e-06
1905	2.21637e-06
1906	2.22792e-06
1907	2.23886e-06
1908	2.24918e-06
1909	2.25886e-06
1910	2.26788e-06
1911	2.27622e-06
1912	2.28386e-06
1913	2.2908e-06
1914	2.29703e-06
1915	2.30252e-06
1916	2.30727e-06
1917	2.31128e-06
1918	2.31454e-06
1919	2.31704e-06
1920	2.31878e-06
1921	2.31976e-06
1922	2.31998e-06
1923	2.31944e-06
1924	2.31814e-06
1925	2.31609e-06
1926	2.3133e-06
1927	2.30976e-06
1928	2.3055e-06
1929	2.30051e-06
1930	2.29482e-06
1931	2.28843e-06
1932	2.28137e-06
1933	2.27363e-06
1934	2.26525e-06
1935	2.25624e-06
1936	2.24661e-06
1937	2.2364e-06
1938	2.22562e-06
1939	2.21429e-06
1940	2.20243e-06
1941	2.19008e-06
1942	2.17725e-06
1943	2.16398e-06
1944	2.15028e-06
1945	2.13619e-06
1946	2.12174e-06
1947	2.10695e-06
1948	2.09185e-06
1949	2.07647e-06
1950	2.06084e-06
1951	2.045e-06
1952	2.02897e-06
1953	2.01278e-06
1954	1.99647e-06
1955	1.98006e-06
1956	1.96359e-06
1957	1.94709e-06
1958	1.93059e-06
1959	1.91411e-06
1960	1.8977e-06
1961	1.88138e-06
1962	1.86517e-06
1963	1.84912e-06
1964	1.83325e-06
1965	1.81758e-06
1966	1.80215e-06
1967	1.78699e-06
1968	1.77211e-06
1969	1.75755e-06
1970	1.74334e-06
1971	1.72948e-06
1972	1.71602e-06
1973	1.70297e-06
1974	1.69036e-06
1975	1.6782e-06
1976	1.66652e-06
1977	1.65533e-06
1978	1.64466e-06
1979	1.63451e-06
1980	1.62491e-06
1981	1.61587e-06
1982	1.6074e-06
1983	1.59951e-06
1984	1.59222e-06
1985	1.58554e-06
1986	1.57947e-06
1987	1.57402e-06
1988	1.56919e-06
1989	1.565e-06
1990	1.56144e-06
1991	1.55852e-06
1992	1.55624e-06
1993	1.55459e-06
1994	1.55358e-06
1995	1.5532e-06
1996	1.55345e-06
1997	1.55432e-06
1998	1.5558e-06
1999	1.5579e-06
2000	1.56059e-06
2001	1.56388e-06
2002	1.56774e-06
2003	1.57217e-06
2004	1.57714e-06
2005	1.58266e-06
2006	1.5887e-06
2007	1.59525e-06
2008	1.60228e-06
2009	1.60978e-06
2010	1.61774e-06
2011	1.62613e-06
2012	1.63492e-06
2013	1.64411e-06
2014	1.65367e-06
2015	1.66357e-06
2016	1.67379e-06
2017	1.68431e-06
2018	1.6951e-06
2019	1.70615e-06
2020	1.71742e-06
2021	1.72888e-06
2022	1.74052e-06
2023	1.75231e-06
2024	1.76422e-06
2025	1.77623e-06
2026	1.78831e-06
2027	1.80043e-06
2028	1.81257e-06
2029	1.8247e-06
2030	1.83679e-06
2031	1.84883e-06
2032	1.86078e-06
2033	1.87262e-06
2034	1.88433e-06
2035	1.89588e-06
2036	1.90724e-06
2037	1.9184e-06
2038	1.92934e-06
2039	1.94002e-06
2040	1.95042e-06
2041	1.96054e-06
2042	1.97034e-06
2043	1.97981e-06
2044	1.98892e-06
2045	1.99767e-06
2046	2.00603e-06
2047	2.01398e-06
2048	2.02152e-06
2049	2.02862e-06
2050	2.03528e-06
2051	2.04148e-06
2052	2.0472e-06
2053	2.05245e-06
2054	2.05721e-06
2055	2.06146e-06
2056	2.06521e-06
2057	2.06844e-06
2058	2.07116e-06
2059	2.07335e-06
2060	2.07501e-06
2061	2.07615e-06
2062	2.07675e-06
2063	2.07682e-06
2064	2.07636e-06
2065	2.07538e-06
2066	2.07387e-06
2067	2.07184e-06
2068	2.06929e-06
2069	2.06623e-06
2070	2.06267e-06
2071	2.05861e-06
2072	2.05407e-06
2073	2.04904e-06
2074	2.04356e-06
2075	2.03761e-06
2076	2.03123e-06
2077	2.02442e-06
2078	2.01719e-06
2079	2.00956e-06
2080	2.00154e-06
2081	1.99316e-06
2082	1.98443e-06
2083	1.97536e-06
2084	1.96597e-06
2085	1.95629e-06
2086	1.94633e-06
2087	1.93611e-06
2088	1.92565e-06
2089	1.91498e-06
2090	1.9041e-06
2091	1.89305e-06
2092	1.88185e-06
2093	1.87051e-06
2094	1.85905e-06
2095	1.84751e-06
2096	1.8359e-06
2097	1.82424e-06
2098	1.81256e-06
2099	1.80088e-06
2100	1.78921e-06
2101	1.77758e-06
2102	1.76602e-06
2103	1.75454e-06
2104	1.74316e-06
2105	1.73191e-06
2106	1.7208e-06
2107	1.70985e-06
2108	1.69909e-06
2109	1.68853e-06
2110	1.67819e-06
2111	1.66809e-06
2112	1.65825e-06
2113	1.64868e-06
2114	1.63939e-06
2115	1.63042e-06
2116	1.62176e-06
2117	1.61343e-06
2118	1.60545e-06
2119	1.59783e-06
2120	1.59058e-06
2121	1.58371e-06
2122	1.57724e-06
2123	1.57116e-06
2124	1.5655e-06
2125	1.56025e-06
2126	1.55542e-06
2127	1.55103e-06
2128	1.54707e-06
2129	1.54355e-06
2130	1.54047e-06
2131	1.53784e-06
2132	1.53565e-06
2133	1.53391e-06
2134	1.53262e-06
2135	1.53177e-06
2136	1.53136e-06
2137	1.5314e-06
2138	1.53187e-06
2139	1.53277e-06
2140	1.5341e-06
2141	1.53585e-06
2142	1.53802e-06
2143	1.54059e-06
2144	1.54356e-06
2145	1.54691e-06
2146	1.55064e-06
2147	1.55474e-06
2148	1.55919e-06
2149	1.56399e-06
2150	1.56912e-06
2151	1.57456e-06
2152	1.58031e-06
2153	1.58635e-06
2154	1.59266e-06
2155	1.59923e-06
2156	1.60604e-06
2157	1.61308e-06
2158	1.62033e-06
2159	1.62778e-06
2160	1.6354e-06
2161	1.64318e-06
2162	1.6511e-06
2163	1.65914e-06
2164	1.66729e-06
2165	1.67552e-06
2166	1.68382e-06
2167	1.69218e-06
2168	1.70056e-06
2169	1.70896e-06
2170	1.71735e-06
2171	1.72572e-06
2172	1.73405e-06
2173	1.74232e-06
2174	1.75051e-06
2175	1.75861e-06
2176	1.7666e-06
2177	1.77446e-06
2178	1.78217e-06
2179	1.78973e-06
2180	1.7971e-06
2181	1.80429e-06
2182	1.81127e-06
2183	1.81802e-06
2184	1.82455e-06
2185	1.83082e-06
2186	1.83683e-06
2187	1.84257e-06
2188	1.84802e-06
2189	1.85318e-06
2190	1.85803e-06
2191	1.86256e-06
2192	1.86677e-06
2193	1.87065e-06
2194	1.87419e-06
2195	1.87737e-06
2196	1.88021e-06
2197	1.88268e-06
2198	1.8848e-06
2199	1.88654e-06
2200	1.88791e-06
2201	1.88891e-06
2202	1.88954e-06
2203	1.88979e-06
2204	1.88966e-06
2205	1.88916e-06
2206	1.88828e-06
2207	1.88703e-06
2208	1.88541e-06
2209	1.88343e-06
2210	1.88109e-06
2211	1.87839e-06
2212	1.87533e-06
2213	1.87194e-06
2214	1.8682e-06
2215	1.86414e-06
2216	1.85975e-06
2217	1.85505e-06
2218	1.85005e-06
2219	1.84475e-06
2220	1.83916e-06
2221	1.8333e-06
2222	1.82719e-06
2223	1.82082e-06
2224	1.81421e-06
2225	1.80738e-06
2226	1.80033e-06
2227	1.79309e-06
2228	1.78566e-06
2229	1.77806e-06
2230	1.7703e-06
2231	1.7624e-06
2232	1.75438e-06
2233	1.74624e-06
2234	1.738e-06
2235	1.72968e-06
2236	1.72129e-06
2237	1.71285e-06
2238	1.70438e-06
2239	1.69588e-06
2240	1.68738e-06
2241	1.67889e-06
2242	1.67042e-06
2243	1.66199e-06
2244	1.65362e-06
2245	1.64532e-06
2246	1.6371e-06
2247	1.62898e-06
2248	1.62097e-06
2249	1.61309e-06
2250	1.60535e-06
2251	1.59776e-06
2252	1.59034e-06
2253	1.58309e-06
2254	1.57604e-06
2255	1.56919e-06
2256	1.56255e-06
2257	1.55613e-06
2258	1.54995e-06
2259	1.54401e-06
2260	1.53832e-06
2261	1.53289e-06
2262	1.52773e-06
2263	1.52285e-06
2264	1.51825e-06
2265	1.51394e-06
2266	1.50992e-06
2267	1.5062e-06
2268	1.50278e-06
2269	1.49968e-06
2270	1.49688e-06
2271	1.4944e-06
2272	1.49223e-06
2273	1.49037e-06
2274	1.48884e-06
2275	1.48762e-06
2276	1.48671e-06
2277	1.48612e-06
2278	1.48585e-06
2279	1.48588e-06
2280	1.48622e-06
2281	1.48686e-06
2282	1.4878e-06
2283	1.48904e-06
2284	1.49056e-06
2285	1.49237e-06
2286	1.49445e-06
2287	1.49681e-06
2288	1.49942e-06
2289	1.50229e-06
2290	1.5054e-06
2291	1.50875e-06
2292	1.51233e-06
2293	1.51613e-06
2294	1.52013e-06
2295	1.52433e-06
2296	1.52871e-06
2297	1.53328e-06
2298	1.538e-06
2299	1.54288e-06
2300	1.5479e-06
2301	1.55305e-06
2302	1.55831e-06
2303	1.56368e-06
2304	1.56914e-06
2305	1.57468e-06
2306	1.58028e-06
2307	1.58594e-06
2308	1.59164e-06
2309	1.59737e-06
2310	1.60311e-06
2311	1.60886e-06
2312	1.61459e-06
2313	1.6203e-06
2314	1.62598e-06
2315	1.63161e-06
2316	1.63717e-06
2317	1.64267e-06
2318	1.64808e-06
2319	1.65339e-06
2320	1.6586e-06
2321	1.66369e-06
2322	1.66865e-06
2323	1.67347e-06
2324	1.67814e-06
2325	1.68265e-06
2326	1.68699e-06
2327	1.69115e-06
2328	1.69512e-06
2329	1.6989e-06
2330	1.70248e-06
2331	1.70584e-06
2332	1.70899e-06
2333	1.71191e-06
2334	1.7146e-06
2335	1.71706e-06
2336	1.71927e-06
2337	1.72124e-06
2338	1.72296e-06
2339	1.72442e-06
2340	1.72563e-06
2341	1.72658e-06
2342	1.72727e-06
2343	1.7277e-06
2344	1.72787e-06
2345	1.72777e-06
2346	1.72741e-06
2347	1.72678e-06
2348	1.7259e-06
2349	1.72476e-06
2350	1.72335e-06
2351	1.7217e-06
2352	1.71979e-06
2353	1.71764e-06
2354	1.71524e-06
2355	1.71261e-06
2356	1.70974e-06
2357	1.70664e-06
2358	1.70333e-06
2359	1.69979e-06
2360	1.69605e-06
2361	1.69211e-06
2362	1.68797e-06
2363	1.68365e-06
2364	1.67915e-06
2365	1.67448e-06
2366	1.66965e-06
2367	1.66467e-06
2368	1.65955e-06
2369	1.6543e-06
2370	1.64892e-06
2371	1.64343e-06
2372	1.63783e-06
2373	1.63215e-06
2374	1.62638e-06
2375	1.62054e-06
2376	1.61464e-06
2377	1.60869e-06
2378	1.6027e-06
2379	1.59668e-06
2380	1.59064e-06
2381	1.58459e-06
2382	1.57855e-06
2383	1.57252e-06
2384	1.56652e-06
2385	1.56055e-06
2386	1.55462e-06
2387	1.54875e-06
2388	1.54294e-06
2389	1.53721e-06
2390	1.53156e-06
2391	1.52601e-06
2392	1.52056e-06
2393	1.51522e-06
2394	1.51e-06
2395	1.50491e-06
2396	1.49995e-06
2397	1.49515e-06
2398	1.49049e-06
2399	1.48599e-06
2400	1.48166e-06
2401	1.4775e-06
2402	1.47352e-06
2403	1.46972e-06
2404	1.46612e-06
2405	1.46271e-06
2406	1.45949e-06
2407	1.45648e-06
2408	1.45368e-06
2409	1.45108e-06
2410	1.4487e-06
2411	1.44653e-06
2412	1.44458e-06
2413	1.44285e-06
2414	1.44134e-06
2415	1.44004e-06
2416	1.43897e-06
2417	1.43812e-06
2418	1.43748e-06
2419	1.43706e-06
2420	1.43686e-06
2421	1.43688e-06
2422	1.4371e-06
2423	1.43753e-06
2424	1.43817e-06
2425	1.43902e-06
2426	1.44005e-06
2427	1.44129e-06
2428	1.44271e-06
2429	1.44431e-06
2430	1.4461e-06
2431	1.44805e-06
2432	1.45017e-06
2433	1.45245e-06
2434	1.45489e-06
2435	1.45747e-06
2436	1.46019e-06
2437	1.46304e-06
2438	1.46601e-06
2439	1.46911e-06
2440	1.4723e-06
2441	1.4756e-06
2442	1.47899e-06
2443	1.48246e-06
2444	1.48601e-06
2445	1.48962e-06
2446	1.49329e-06
2447	1.49701e-06
2448	1.50076e-06
2449	1.50455e-06
2450	1.50835e-06
2451	1.51217e-06
2452	1.51599e-06
2453	1.5198e-06
2454	1.5236e-06
2455	1.52737e-06
2456	1.53112e-06
2457	1.53482e-06
2458	1.53847e-06
2459	1.54207e-06
2460	1.5456e-06
2461	1.54906e-06
2462	1.55243e-06
2463	1.55572e-06
2464	1.55891e-06
2465	1.56199e-06
2466	1.56497e-06
2467	1.56783e-06
2468	1.57057e-06
2469	1.57318e-06
2470	1.57565e-06
2471	1.57798e-06
2472	1.58017e-06
2473	1.58221e-06
2474	1.58409e-06
2475	1.58581e-06
2476	1.58737e-06
2477	1.58876e-06
2478	1.58998e-06
2479	1.59103e-06
2480	1.5919e-06
2481	1.5926e-06
2482	1.59311e-06
2483	1.59345e-06
2484	1.5936e-06
2485	1.59357e-06
2486	1.59335e-06
2487	1.59296e-06
2488	1.59238e-06
2489	1.59162e-06
2490	1.59067e-06
2491	1.58955e-06
2492	1.58825e-06
2493	1.58678e-06
2494	1.58513e-06
2495	1.58331e-06
2496	1.58132e-06
2497	1.57917e-06
2498	1.57686e-06
2499	1.5744e-06
2500	1.57178e-06
2501	1.56901e-06
2502	1.56611e-06
2503	1.56307e-06
2504	1.55989e-06
2505	1.55659e-06
2506	1.55317e-06
2507	1.54964e-06
2508	1.546e-06
2509	1.54226e-06
2510	1.53842e-06
2511	1.5345e-06
2512	1.5305e-06
2513	1.52642e-06
2514	1.52228e-06
2515	1.51808e-06
2516	1.51383e-06
2517	1.50953e-06
2518	1.5052e-06
2519	1.50083e-06
2520	1.49645e-06
2521	1.49205e-06
2522	1.48765e-06
2523	1.48325e-06
2524	1.47885e-06
2525	1.47447e-06
2526	1.47012e-06
2527	1.46579e-06
2528	1.4615e-06
2529	1.45726e-06
2530	1.45306e-06
2531	1.44893e-06
2532	1.44486e-06
2533	1.44086e-06
2534	1.43694e-06
2535	1.4331e-06
2536	1.42935e-06
2537	1.42569e-06
2538	1.42214e-06
2539	1.41869e-06
2540	1.41535e-06
2541	1.41213e-06
2542	1.40902e-06
2543	1.40604e-06
2544	1.40319e-06
2545	1.40047e-06
2546	1.39789e-06
2547	1.39544e-06
2548	1.39313e-06
2549	1.39097e-06
2550	1.38895e-06
2551	1.38708e-06
2552	1.38536e-06
2553	1.38379e-06
2554	1.38238e-06
2555	1.38111e-06
2556	1.38e-06
2557	1.37904e-06
2558	1.37824e-06
2559	1.37759e-06
2560	1.37709e-06
2561	1.37674e-06
2562	1.37654e-06
2563	1.37649e-06
2564	1.37658e-06
2565	1.37682e-06
2566	1.3772e-06
2567	1.37772e-06
2568	1.37838e-06
2569	1.37917e-06
2570	1.38008e-06
2571	1.38113e-06
2572	1.38229e-06
2573	1.38357e-06
2574	1.38497e-06
2575	1.38647e-06
2576	1.38808e-06
2577	1.38978e-06
2578	1.39158e-06
2579	1.39347e-06
2580	1.39544e-06
2581	1.39749e-06
2582	1.39961e-06
2583	1.40179e-06
2584	1.40403e-06
2585	1.40633e-06
2586	1.40868e-06
2587	1.41106e-06
2588	1.41349e-06
2589	1.41594e-06
2590	1.41841e-06
2591	1.4209e-06
2592	1.4234e-06
2593	1.4259e-06
2594	1.42841e-06
2595	1.4309e-06
2596	1.43338e-06
2597	1.43583e-06
2598	1.43826e-06
2599	1.44066e-06
2600	1.44302e-06
2601	1.44533e-06
2602	1.44759e-06
2603	1.4498e-06
2604	1.45195e-06
2605	1.45403e-06
2606	1.45604e-06
2607	1.45797e-06
2608	1.45982e-06
2609	1.46159e-06
2610	1.46327e-06
2611	1.46485e-06
2612	1.46634e-06
2613	1.46772e-06
2614	1.469e-06
2615	1.47018e-06
2616	1.47124e-06
2617	1.47219e-06
2618	1.47302e-06
2619	1.47374e-06
2620	1.47433e-06
2621	1.47481e-06
2622	1.47515e-06
2623	1.47538e-06
2624	1.47548e-06
2625	1.47545e-06
2626	1.47529e-06
2627	1.47501e-06
2628	1.4746e-06
2629	1.47407e-06
2630	1.4734e-06
2631	1.47261e-06
2632	1.4717e-06
2633	1.47066e-06
2634	1.4695e-06
2635	1.46822e-06
2636	1.46682e-06
2637	1.4653e-06
2638	1.46367e-06
2639	1.46193e-06
2640	1.46007e-06
2641	1.45812e-06
2642	1.45606e-06
2643	1.45389e-06
2644	1.45164e-06
2645	1.44929e-06
2646	1.44685e-06
2647	1.44433e-06
2648	1.44173e-06
2649	1.43905e-06
2650	1.4363e-06
2651	1.43349e-06
2652	1.43061e-06
2653	1.42767e-06
2654	1.42468e-06
2655	1.42165e-06
2656	1.41857e-06
2657	1.41545e-06
2658	1.41231e-06
2659	1.40913e-06
2660	1.40593e-06
2661	1.40272e-06
2662	1.3995e-06
2663	1.39626e-06
2664	1.39303e-06
2665	1.38981e-06
2666	1.38659e-06
2667	1.38339e-06
2668	1.3802e-06
2669	1.37704e-06
2670	1.37392e-06
2671	1.37082e-06
2672	1.36777e-06
2673	1.36476e-06
2674	1.3618e-06
2675	1.35889e-06
2676	1.35604e-06
2677	1.35325e-06
2678	1.35052e-06
2679	1.34787e-06
2680	1.34529e-06
2681	1.34278e-06
2682	1.34036e-06
2683	1.33802e-06
2684	1.33576e-06
2685	1.3336e-06
2686	1.33152e-06
2687	1.32954e-06
2688	1.32766e-06
2689	1.32587e-06
2690	1.32419e-06
2691	1.3226e-06
2692	1.32112e-06
2693	1.31975e-06
2694	1.31847e-06
2695	1.31731e-06
2696	1.31625e-06
2697	1.3153e-06
2698	1.31446e-06
2699	1.31372e-06
2700	1.31309e-06
2701	1.31256e-06
2702	1.31214e-06
2703	1.31183e-06
2704	1.31162e-06
2705	1.31151e-06
2706	1.3115e-06
2707	1.31159e-06
2708	1.31178e-06
2709	1.31206e-06
2710	1.31244e-06
2711	1.3129e-06
2712	1.31346e-06
2713	1.31409e-06
2714	1.31482e-06
2715	1.31562e-06
2716	1.31649e-06
2717	1.31744e-06
2718	1.31846e-06
2719	1.31955e-06
2720	1.32069e-06
2721	1.3219e-06
2722	1.32316e-06
2723	1.32447e-06
2724	1.32583e-06
2725	1.32723e-06
2726	1.32867e-06
2727	1.33014e-06
2728	1.33164e-06
2729	1.33317e-06
2730	1.33472e-06
2731	1.33629e-06
2732	1.33787e-06
2733	1.33946e-06
2734	1.34105e-06
2735	1.34265e-06
2736	1.34424e-06
2737	1.34581e-06
2738	1.34738e-06
2739	1.34893e-06
2740	1.35046e-06
2741	1.35196e-06
2742	1.35343e-06
2743	1.35487e-06
2744	1.35627e-06
2745	1.35763e-06
2746	1.35894e-06
2747	1.3602e-06
2748	1.36142e-06
2749	1.36257e-06
2750	1.36367e-06
2751	1.36471e-06
2752	1.36568e-06
2753	1.36659e-06
2754	1.36742e-06
2755	1.36819e-06
2756	1.36887e-06
2757	1.36948e-06
2758	1.37002e-06
2759	1.37047e-06
2760	1.37084e-06
2761	1.37112e-06
2762	1.37132e-06
2763	1.37143e-06
2764	1.37146e-06
2765	1.3714e-06
2766	1.37125e-06
2767	1.37101e-06
2768	1.37068e-06
2769	1.37026e-06
2770	1.36975e-06
2771	1.36916e-06
2772	1.36848e-06
2773	1.36771e-06
2774	1.36685e-06
2775	1.36591e-06
2776	1.36488e-06
2777	1.36377e-06
2778	1.36258e-06
2779	1.3613e-06
2780	1.35995e-06
2781	1.35853e-06
2782	1.35703e-06
2783	1.35546e-06
2784	1.35381e-06
2785	1.3521e-06
2786	1.35033e-06
2787	1.3485e-06
2788	1.3466e-06
2789	1.34465e-06
2790	1.34265e-06
2791	1.34059e-06
2792	1.33849e-06
2793	1.33635e-06
2794	1.33416e-06
2795	1.33194e-06
2796	1.32968e-06
2797	1.3274e-06
2798	1.32508e-06
2799	1.32275e-06
2800	1.32039e-06
2801	1.31802e-06
2802	1.31563e-06
2803	1.31324e-06
2804	1.31084e-06
2805	1.30844e-06
2806	1.30605e-06
2807	1.30365e-06
2808	1.30127e-06
2809	1.2989e-06
2810	1.29655e-06
2811	1.29421e-06
2812	1.2919e-06
2813	1.28962e-06
2814	1.28736e-06
2815	1.28514e-06
2816	1.28296e-06
2817	1.28081e-06
2818	1.27871e-06
2819	1.27665e-06
2820	1.27464e-06
2821	1.27267e-06
2822	1.27077e-06
2823	1.26891e-06
2824	1.26712e-06
2825	1.26538e-06
2826	1.2637e-06
2827	1.26209e-06
2828	1.26055e-06
2829	1.25907e-06
2830	1.25766e-06
2831	1.25632e-06
2832	1.25505e-06
2833	1.25385e-06
2834	1.25273e-06
2835	1.25167e-06
2836	1.2507e-06
2837	1.2498e-06
2838	1.24897e-06
2839	1.24822e-06
2840	1.24754e-06
2841	1.24694e-06
2842	1.24641e-06
2843	1.24596e-06
2844	1.24558e-06
2845	1.24527e-06
2846	1.24503e-06
2847	1.24487e-06
2848	1.24477e-06
2849	1.24474e-06
2850	1.24478e-06
2851	1.24489e-06
2852	1.24506e-06
2853	1.24529e-06
2854	1.24558e-06
2855	1.24593e-06
2856	1.24633e-06
2857	1.24679e-06
2858	1.2473e-06
2859	1.24785e-06
2860	1.24846e-06
2861	1.24911e-06
2862	1.24979e-06
2863	1.25052e-06
2864	1.25129e-06
2865	1.25208e-06
2866	1.25291e-06
2867	1.25376e-06
2868	1.25464e-06
2869	1.25554e-06
2870	1.25646e-06
2871	1.25739e-06
2872	1.25834e-06
2873	1.25929e-06
2874	1.26025e-06
2875	1.26122e-06
2876	1.26218e-06
2877	1.26315e-06
2878	1.26411e-06
2879	1.26505e-06
2880	1.26599e-06
2881	1.26691e-06
2882	1.26782e-06
2883	1.26871e-06
2884	1.26957e-06
2885	1.27041e-06
2886	1.27122e-06
2887	1.272e-06
2888	1.27275e-06
2889	1.27346e-06
2890	1.27413e-06
2891	1.27476e-06
2892	1.27536e-06
2893	1.2759e-06
2894	1.2764e-06
2895	1.27686e-06
2896	1.27726e-06
2897	1.27761e-06
2898	1.27791e-06
2899	1.27816e-06
2900	1.27834e-06
2901	1.27848e-06
2902	1.27855e-06
2903	1.27856e-06
2904	1.27852e-06
2905	1.27841e-06
2906	1.27824e-06
2907	1.27801e-06
2908	1.27772e-06
2909	1.27737e-06
2910	1.27695e-06
2911	1.27648e-06
2912	1.27594e-06
2913	1.27533e-06
2914	1.27467e-06
2915	1.27395e-06
2916	1.27316e-06
2917	1.27232e-06
2918	1.27142e-06
2919	1.27046e-06
2920	1.26944e-06
2921	1.26837e-06
2922	1.26725e-06
2923	1.26607e-06
2924	1.26484e-06
2925	1.26356e-06
2926	1.26224e-06
2927	1.26087e-06
2928	1.25946e-06
2929	1.258e-06
2930	1.25651e-06
2931	1.25498e-06
2932	1.25341e-06
2933	1.25181e-06
2934	1.25018e-06
2935	1.24852e-06
2936	1.24683e-06
2937	1.24512e-06
2938	1.24339e-06
2939	1.24164e-06
2940	1.23987e-06
2941	1.23809e-06
2942	1.2363e-06
2943	1.2345e-06
2944	1.23269e-06
2945	1.23088e-06
2946	1.22907e-06
2947	1.22726e-06
2948	1.22545e-06
2949	1.22365e-06
2950	1.22186e-06
2951	1.22008e-06
2952	1.21831e-06
2953	1.21656e-06
2954	1.21482e-06
2955	1.21311e-06
2956	1.21142e-06
2957	1.20975e-06
2958	1.20811e-06
2959	1.2065e-06
2960	1.20492e-06
2961	1.20338e-06
2962	1.20186e-06
2963	1.20039e-06
2964	1.19895e-06
2965	1.19755e-06
2966	1.19619e-06
2967	1.19488e-06
2968	1.19361e-06
2969	1.19238e-06
2970	1.1912e-06
2971	1.19007e-06
2972	1.18898e-06
2973	1.18795e-06
2974	1.18696e-06
2975	1.18602e-06
2976	1.18514e-06
2977	1.18431e-06
2978	1.18353e-06
2979	1.1828e-06
2980	1.18212e-06
2981	1.1815e-06
2982	1.18093e-06
2983	1.18041e-06
2984	1.17994e-06
2985	1.17952e-06
2986	1.17916e-06
2987	1.17884e-06
2988	1.17858e-06
2989	1.17836e-06
2990	1.17819e-06
2991	1.17807e-06
2992	1.178e-06
2993	1.17797e-06
2994	1.17798e-06
2995	1.17804e-06
2996	1.17814e-06
2997	1.17828e-06
2998	1.17845e-06
2999	1.17866e-06
3000	1.17891e-06
3001	1.17919e-06
3002	1.1795e-06
3003	1.17984e-06
3004	1.18021e-06
3005	1.1806e-06
3006	1.18102e-06
3007	1.18146e-06
3008	1.18192e-06
3009	1.18239e-06
3010	1.18289e-06
3011	1.18339e-06
3012	1.18391e-06
3013	1.18443e-06
3014	1.18496e-06
3015	1.1855e-06
3016	1.18604e-06
3017	1.18658e-06
3018	1.18712e-06
3019	1.18765e-06
3020	1.18818e-06
3021	1.1887e-06
3022	1.18921e-06
3023	1.18971e-06
3024	1.1902e-06
3025	1.19067e-06
3026	1.19112e-06
3027	1.19156e-06
3028	1.19197e-06
3029	1.19236e-06
3030	1.19273e-06
3031	1.19307e-06
3032	1.19338e-06
3033	1.19366e-06
3034	1.19391e-06
3035	1.19413e-06
3036	1.19432e-06
3037	1.19448e-06
3038	1.19459e-06
3039	1.19468e-06
3040	1.19472e-06
3041	1.19472e-06
3042	1.19469e-06
3043	1.19462e-06
3044	1.1945e-06
3045	1.19435e-06
3046	1.19415e-06
3047	1.19391e-06
3048	1.19363e-06
3049	1.1933e-06
3050	1.19293e-06
3051	1.19252e-06
3052	1.19207e-06
3053	1.19157e-06
3054	1.19103e-06
3055	1.19045e-06
3056	1.18982e-06
3057	1.18915e-06
3058	1.18844e-06
3059	1.18769e-06
3060	1.1869e-06
3061	1.18608e-06
3062	1.18521e-06
3063	1.1843e-06
3064	1.18336e-06
3065	1.18238e-06
3066	1.18137e-06
3067	1.18032e-06
3068	1.17924e-06
3069	1.17813e-06
3070	1.17699e-06
3071	1.17582e-06
3072	1.17463e-06
3073	1.17341e-06
3074	1.17217e-06
3075	1.1709e-06
3076	1.16962e-06
3077	1.16831e-06
3078	1.16699e-06
3079	1.16565e-06
3080	1.1643e-06
3081	1.16294e-06
3082	1.16156e-06
3083	1.16018e-06
3084	1.15879e-06
3085	1.1574e-06
3086	1.156e-06
3087	1.15461e-06
3088	1.15321e-06
3089	1.15182e-06
3090	1.15043e-06
3091	1.14904e-06
3092	1.14767e-06
3093	1.1463e-06
3094	1.14494e-06
3095	1.1436e-06
3096	1.14227e-06
3097	1.14096e-06
3098	1.13966e-06
3099	1.13838e-06
3100	1.13712e-06
3101	1.13589e-06
3102	1.13468e-06
3103	1.13349e-06
3104	1.13232e-06
3105	1.13118e-06
3106	1.13007e-06
3107	1.12899e-06
3108	1.12794e-06
3109	1.12692e-06
3110	1.12593e-06
3111	1.12497e-06
3112	1.12405e-06
3113	1.12315e-06
3114	1.1223e-06
3115	1.12147e-06
3116	1.12068e-06
3117	1.11993e-06
3118	1.11922e-06
3119	1.11853e-06
3120	1.11789e-06
3121	1.11728e-06
3122	1.11671e-06
3123	1.11617e-06
3124	1.11567e-06
3125	1.11521e-06
3126	1.11478e-06
3127	1.11439e-06
3128	1.11403e-06
3129	1.11371e-06
3130	1.11342e-06
3131	1.11317e-06
3132	1.11294e-06
3133	1.11275e-06
3134	1.1126e-06
3135	1.11247e-06
3136	1.11237e-06
3137	1.1123e-06
3138	1.11226e-06
3139	1.11225e-06
3140	1.11226e-06
3141	1.1123e-06
3142	1.11236e-06
3143	1.11244e-06
3144	1.11254e-06
3145	1.11267e-06
3146	1.11281e-06
3147	1.11297e-06
3148	1.11314e-06
3149	1.11333e-06
3150	1.11353e-06
3151	1.11375e-06
3152	1.11397e-06
3153	1.1142e-06
3154	1.11444e-06
3155	1.11468e-06
3156	1.11493e-06
3157	1.11518e-06
3158	1.11543e-06
3159	1.11569e-06
3160	1.11593e-06
3161	1.11618e-06
3162	1.11642e-06
3163	1.11665e-06
3164	1.11688e-06
3165	1.1171e-06
3166	1.1173e-06
3167	1.1175e-06
3168	1.11768e-06
3169	1.11785e-06
3170	1.118e-06
3171	1.11813e-06
3172	1.11825e-06
3173	1.11834e-06
3174	1.11842e-06
3175	1.11848e-06
3176	1.11851e-06
3177	1.11852e-06
3178	1.11851e-06
3179	1.11847e-06
3180	1.1184e-06
3181	1.11831e-06
3182	1.11819e-06
3183	1.11805e-06
3184	1.11788e-06
3185	1.11768e-06
3186	1.11745e-06
3187	1.11719e-06
3188	1.1169e-06
3189	1.11658e-06
3190	1.11624e-06
3191	1.11586e-06
3192	1.11545e-06
3193	1.11501e-06
3194	1.11455e-06
3195	1.11405e-06
3196	1.11352e-06
3197	1.11297e-06
3198	1.11238e-06
3199	1.11177e-06
3200	1.11113e-06
3201	1.11046e-06
3202	1.10976e-06
3203	1.10904e-06
3204	1.10829e-06
3205	1.10752e-06
3206	1.10672e-06
3207	1.10589e-06
3208	1.10504e-06
3209	1.10418e-06
3210	1.10328e-06
3211	1.10237e-06
3212	1.10144e-06
3213	1.10049e-06
3214	1.09952e-06
3215	1.09854e-06
3216	1.09753e-06
3217	1.09652e-06
3218	1.09549e-06
3219	1.09445e-06
3220	1.0934e-06
3221	1.09233e-06
3222	1.09126e-06
3223	1.09018e-06
3224	1.0891e-06
3225	1.08801e-06
3226	1.08691e-06
3227	1.08582e-06
3228	1.08472e-06
3229	1.08362e-06
3230	1.08253e-06
3231	1.08143e-06
3232	1.08034e-06
3233	1.07925e-06
3234	1.07818e-06
3235	1.0771e-06
3236	1.07604e-06
3237	1.07498e-06
3238	1.07394e-06
3239	1.07291e-06
3240	1.07189e-06
3241	1.07088e-06
3242	1.06989e-06
3243	1.06892e-06
3244	1.06796e-06
3245	1.06702e-06
3246	1.0661e-06
3247	1.0652e-06
3248	1.06431e-06
3249	1.06345e-06
3250	1.06261e-06
3251	1.06179e-06
3252	1.061e-06
3253	1.06023e-06
3254	1.05948e-06
3255	1.05875e-06
3256	1.05805e-06
3257	1.05738e-06
3258	1.05672e-06
3259	1.0561e-06
3260	1.0555e-06
3261	1.05492e-06
3262	1.05437e-06
3263	1.05385e-06
3264	1.05335e-06
3265	1.05288e-06
3266	1.05243e-06
3267	1.052e-06
3268	1.0516e-06
3269	1.05123e-06
3270	1.05088e-06
3271	1.05055e-06
3272	1.05025e-06
3273	1.04997e-06
3274	1.04971e-06
3275	1.04948e-06
3276	1.04927e-06
3277	1.04907e-06
3278	1.0489e-06
3279	1.04875e-06
3280	1.04861e-06
3281	1.04849e-06
3282	1.04839e-06
3283	1.04831e-06
3284	1.04824e-06
3285	1.04819e-06
3286	1.04815e-06
3287	1.04813e-06
3288	1.04811e-06
3289	1.04811e-06
3290	1.04812e-06
3291	1.04813e-06
3292	1.04816e-06
3293	1.04819e-06
3294	1.04823e-06
3295	1.04828e-06
3296	1.04832e-06
3297	1.04837e-06
3298	1.04843e-06
3299	1.04848e-06
3300	1.04854e-06
3301	1.04859e-06
3302	1.04864e-06
3303	1.04869e-06
3304	1.04874e-06
3305	1.04878e-06
3306	1.04881e-06
3307	1.04884e-06
3308	1.04886e-06
3309	1.04887e-06
3310	1.04887e-06
3311	1.04886e-06
3312	1.04884e-06
3313	1.04881e-06
3314	1.04876e-06
3315	1.0487e-06
3316	1.04863e-06
3317	1.04854e-06
3318	1.04843e-06
3319	1.04831e-06
3320	1.04817e-06
3321	1.04801e-06
3322	1.04784e-06
3323	1.04764e-06
3324	1.04743e-06
3325	1.0472e-06
3326	1.04694e-06
3327	1.04667e-06
3328	1.04638e-06
3329	1.04606e-06
3330	1.04573e-06
3331	1.04537e-06
3332	1.045e-06
3333	1.0446e-06
3334	1.04418e-06
3335	1.04374e-06
3336	1.04328e-06
3337	1.0428e-06
3338	1.0423e-06
3339	1.04177e-06
3340	1.04123e-06
3341	1.04067e-06
3342	1.04009e-06
3343	1.03949e-06
3344	1.03887e-06
3345	1.03823e-06
3346	1.03758e-06
3347	1.0369e-06
3348	1.03621e-06
3349	1.03551e-06
3350	1.03479e-06
3351	1.03405e-06
3352	1.0333e-06
3353	1.03254e-06
3354	1.03176e-06
3355	1.03097e-06
3356	1.03017e-06
3357	1.02936e-06
3358	1.02854e-06
3359	1.0277e-06
3360	1.02686e-06
3361	1.02602e-06
3362	1.02516e-06
3363	1.0243e-06
3364	1.02344e-06
3365	1.02257e-06
3366	1.02169e-06
3367	1.02081e-06
3368	1.01994e-06
3369	1.01906e-06
3370	1.01818e-06
3371	1.0173e-06
3372	1.01642e-06
3373	1.01554e-06
3374	1.01467e-06
3375	1.0138e-06
3376	1.01294e-06
3377	1.01208e-06
3378	1.01123e-06
3379	1.01038e-06
3380	1.00955e-06
3381	1.00872e-06
3382	1.0079e-06
3383	1.00709e-06
3384	1.00629e-06
3385	1.00551e-06
3386	1.00473e-06
3387	1.00397e-06
3388	1.00322e-06
3389	1.00248e-06
3390	1.00176e-06
3391	1.00106e-06
3392	1.00037e-06
3393	9.99691e-07
3394	9.99032e-07
3395	9.98389e-07
3396	9.97763e-07
3397	9.97154e-07
3398	9.96562e-07
3399	9.95988e-07
3400	9.95431e-07
3401	9.94892e-07
3402	9.94372e-07
3403	9.93869e-07
3404	9.93384e-07
3405	9.92917e-07
3406	9.92468e-07
3407	9.92037e-07
3408	9.91624e-07
3409	9.91229e-07
3410	9.9085e-07
3411	9.90489e-07
3412	9.90145e-07
3413	9.89817e-07
3414	9.89506e-07
3415	9.89211e-07
3416	9.88931e-07
3417	9.88666e-07
3418	9.88416e-07
3419	9.88181e-07
3420	9.87959e-07
3421	9.8775e-07
3422	9.87554e-07
3423	9.8737e-07
3424	9.87198e-07
3425	9.87036e-07
3426	9.86885e-07
3427	9.86744e-07
3428	9.86611e-07
3429	9.86488e-07
3430	9.86372e-07
3431	9.86263e-07
3432	9.8616e-07
3433	9.86064e-07
3434	9.85972e-07
3435	9.85885e-07
3436	9.85801e-07
3437	9.85721e-07
3438	9.85642e-07
3439	9.85565e-07
3440	9.8549e-07
3441	9.85414e-07
3442	9.85338e-07
3443	9.8526e-07
3444	9.85181e-07
3445	9.85099e-07
3446	9.85014e-07
3447	9.84925e-07
3448	9.84831e-07
3449	9.84732e-07
3450	9.84628e-07
3451	9.84516e-07
3452	9.84398e-07
3453	9.84273e-07
3454	9.84139e-07
3455	9.83996e-07
3456	9.83844e-07
3457	9.83683e-07
3458	9.83511e-07
3459	9.83328e-07
3460	9.83134e-07
3461	9.82929e-07
3462	9.82711e-07
3463	9.82482e-07
3464	9.82239e-07
3465	9.81983e-07
3466	9.81714e-07
3467	9.81432e-07
3468	9.81135e-07
3469	9.80824e-07
3470	9.80499e-07
3471	9.8016e-07
3472	9.79806e-07
3473	9.79438e-07
3474	9.79055e-07
3475	9.78657e-07
3476	9.78244e-07
3477	9.77817e-07
3478	9.77375e-07
3479	9.76919e-07
3480	9.76448e-07
3481	9.75964e-07
3482	9.75465e-07
3483	9.74952e-07
3484	9.74426e-07
3485	9.73887e-07
3486	9.73334e-07
3487	9.72769e-07
3488	9.72192e-07
3489	9.71603e-07
3490	9.71002e-07
3491	9.7039e-07
3492	9.69768e-07
3493	9.69136e-07
3494	9.68493e-07
3495	9.67842e-07
3496	9.67182e-07
3497	9.66514e-07
3498	9.65838e-07
3499	9.65155e-07
3500	9.64465e-07
3501	9.6377e-07
3502	9.63069e-07
3503	9.62364e-07
3504	9.61654e-07
3505	9.60941e-07
3506	9.60224e-07
3507	9.59505e-07
3508	9.58785e-07
3509	9.58063e-07
3510	9.57341e-07
3511	9.56618e-07
3512	9.55896e-07
3513	9.55175e-07
3514	9.54456e-07
3515	9.53739e-07
3516	9.53025e-07
3517	9.52314e-07
3518	9.51607e-07
3519	9.50905e-07
3520	9.50207e-07
3521	9.49515e-07
3522	9.48829e-07
3523	9.48149e-07
3524	9.47477e-07
3525	9.46811e-07
3526	9.46154e-07
3527	9.45504e-07
3528	9.44863e-07
3529	9.44232e-07
3530	9.4361e-07
3531	9.42997e-07
3532	9.42395e-07
3533	9.41803e-07
3534	9.41221e-07
3535	9.40651e-07
3536	9.40092e-07
3537	9.39544e-07
3538	9.39008e-07
3539	9.38484e-07
3540	9.37972e-07
3541	9.37473e-07
3542	9.36985e-07
3543	9.3651e-07
3544	9.36048e-07
3545	9.35597e-07
3546	9.3516e-07
3547	9.34735e-07
3548	9.34323e-07
3549	9.33923e-07
3550	9.33535e-07
3551	9.3316e-07
3552	9.32796e-07
3553	9.32445e-07
3554	9.32106e-07
3555	9.31778e-07
3556	9.31461e-07
3557	9.31156e-07
3558	9.30861e-07
3559	9.30577e-07
3560	9.30303e-07
3561	9.3004e-07
3562	9.29785e-07
3563	9.2954e-07
3564	9.29304e-07
3565	9.29076e-07
3566	9.28856e-07
3567	9.28643e-07
3568	9.28438e-07
3569	9.28239e-07
3570	9.28046e-07
3571	9.27859e-07
3572	9.27677e-07
3573	9.275e-07
3574	9.27327e-07
3575	9.27158e-07
3576	9.26991e-07
3577	9.26828e-07
3578	9.26667e-07
3579	9.26507e-07
3580	9.26348e-07
3581	9.2619e-07
3582	9.26032e-07
3583	9.25874e-07
3584	9.25715e-07
3585	9.25555e-07
3586	9.25393e-07
3587	9.25228e-07
3588	9.25061e-07
3589	9.2489e-07
3590	9.24716e-07
3591	9.24538e-07
3592	9.24355e-07
3593	9.24168e-07
3594	9.23975e-07
3595	9.23777e-07
3596	9.23572e-07
3597	9.23361e-07
3598	9.23143e-07
3599	9.22919e-07
3600	9.22687e-07
3601	9.22447e-07
3602	9.22199e-07
3603	9.21943e-07
3604	9.21679e-07
3605	9.21406e-07
3606	9.21124e-07
3607	9.20833e-07
3608	9.20533e-07
3609	9.20223e-07
3610	9.19904e-07
3611	9.19575e-07
3612	9.19236e-07
3613	9.18887e-07
3614	9.18529e-07
3615	9.1816e-07
3616	9.17781e-07
3617	9.17393e-07
3618	9.16994e-07
3619	9.16585e-07
3620	9.16166e-07
3621	9.15738e-07
3622	9.15299e-07
3623	9.14851e-07
3624	9.14394e-07
3625	9.13926e-07
3626	9.1345e-07
3627	9.12964e-07
3628	9.1247e-07
3629	9.11967e-07
3630	9.11456e-07
3631	9.10936e-07
3632	9.10409e-07
3633	9.09874e-07
3634	9.09331e-07
3635	9.08782e-07
3636	9.08226e-07
3637	9.07664e-07
3638	9.07096e-07
3639	9.06522e-07
3640	9.05944e-07
3641	9.0536e-07
3642	9.04772e-07
3643	9.0418e-07
3644	9.03585e-07
3645	9.02987e-07
3646	9.02386e-07
3647	9.01782e-07
3648	9.01177e-07
3649	9.00571e-07
3650	8.99963e-07
3651	8.99355e-07
3652	8.98748e-07
3653	8.9814e-07
3654	8.97533e-07
3655	8.96928e-07
3656	8.96324e-07
3657	8.95722e-07
3658	8.95122e-07
3659	8.94525e-07
3660	8.93932e-07
3661	8.93342e-07
3662	8.92756e-07
3663	8.92174e-07
3664	8.91597e-07
3665	8.91025e-07
3666	8.90458e-07
3667	8.89897e-07
3668	8.89342e-07
3669	8.88792e-07
3670	8.8825e-07
3671	8.87713e-07
3672	8.87184e-07
3673	8.86662e-07
3674	8.86147e-07
3675	8.8564e-07
3676	8.8514e-07
3677	8.84648e-07
3678	8.84164e-07
3679	8.83688e-07
3680	8.8322e-07
3681	8.82761e-07
3682	8.8231e-07
3683	8.81868e-07
3684	8.81434e-07
3685	8.81009e-07
3686	8.80592e-07
3687	8.80184e-07
3688	8.79785e-07
3689	8.79394e-07
3690	8.79012e-07
3691	8.78638e-07
3692	8.78273e-07
3693	8.77916e-07
3694	8.77567e-07
3695	8.77227e-07
3696	8.76894e-07
3697	8.7657e-07
3698	8.76253e-07
3699	8.75944e-07
3700	8.75642e-07
3701	8.75348e-07
3702	8.7506e-07
3703	8.74779e-07
3704	8.74505e-07
3705	8.74237e-07
3706	8.73975e-07
3707	8.73719e-07
3708	8.73468e-07
3709	8.73223e-07
3710	8.72982e-07
3711	8.72746e-07
3712	8.72514e-07
3713	8.72287e-07
3714	8.72062e-07
3715	8.71841e-07
3716	8.71623e-07
3717	8.71407e-07
3718	8.71193e-07
3719	8.70981e-07
3720	8.70771e-07
3721	8.70561e-07
3722	8.70353e-07
3723	8.70144e-07
3724	8.69936e-07
3725	8.69727e-07
3726	8.69517e-07
3727	8.69306e-07
3728	8.69094e-07
3729	8.6888e-07
3730	8.68663e-07
3731	8.68445e-07
3732	8.68223e-07
3733	8.67998e-07
3734	8.6777e-07
3735	8.67538e-07
3736	8.67302e-07
3737	8.67062e-07
3738	8.66817e-07
3739	8.66568e-07
3740	8.66313e-07
3741	8.66054e-07
3742	8.65789e-07
3743	8.65518e-07
3744	8.65241e-07
3745	8.64959e-07
3746	8.6467e-07
3747	8.64376e-07
3748	8.64074e-07
3749	8.63767e-07
3750	8.63452e-07
3751	8.63132e-07
3752	8.62804e-07
3753	8.6247e-07
3754	8.62128e-07
3755	8.6178e-07
3756	8.61425e-07
3757	8.61064e-07
3758	8.60695e-07
3759	8.60319e-07
3760	8.59937e-07
3761	8.59548e-07
3762	8.59152e-07
3763	8.5875e-07
3764	8.58341e-07
3765	8.57925e-07
3766	8.57503e-07
3767	8.57075e-07
3768	8.56641e-07
3769	8.562e-07
3770	8.55754e-07
3771	8.55302e-07
3772	8.54844e-07
3773	8.54382e-07
3774	8.53913e-07
3775	8.5344e-07
3776	8.52962e-07
3777	8.5248e-07
3778	8.51993e-07
3779	8.51502e-07
3780	8.51007e-07
3781	8.50509e-07
3782	8.50007e-07
3783	8.49502e-07
3784	8.48994e-07
3785	8.48483e-07
3786	8.4797e-07
3787	8.47455e-07
3788	8.46939e-07
3789	8.4642e-07
3790	8.45901e-07
3791	8.45381e-07
3792	8.4486e-07
3793	8.4434e-07
3794	8.43819e-07
3795	8.43298e-07
3796	8.42778e-07
3797	8.4226e-07
3798	8.41742e-07
3799	8.41226e-07
3800	8.40712e-07
3801	8.402e-07
3802	8.3969e-07
3803	8.39184e-07
3804	8.3868e-07
3805	8.38179e-07
3806	8.37682e-07
3807	8.37188e-07
3808	8.36699e-07
3809	8.36213e-07
3810	8.35732e-07
3811	8.35256e-07
3812	8.34784e-07
3813	8.34318e-07
3814	8.33856e-07
3815	8.334e-07
3816	8.32949e-07
3817	8.32503e-07
3818	8.32064e-07
3819	8.3163e-07
3820	8.31201e-07
3821	8.30779e-07
3822	8.30363e-07
3823	8.29953e-07
3824	8.29549e-07
3825	8.2915e-07
3826	8.28758e-07
3827	8.28373e-07
3828	8.27993e-07
3829	8.27619e-07
3830	8.27251e-07
3831	8.2689e-07
3832	8.26534e-07
3833	8.26184e-07
3834	8.2584e-07
3835	8.25502e-07
3836	8.25169e-07
3837	8.24842e-07
3838	8.24521e-07
3839	8.24205e-07
3840	8.23894e-07
3841	8.23588e-07
3842	8.23287e-07
3843	8.2299e-07
3844	8.22699e-07
3845	8.22412e-07
3846	8.22129e-07
3847	8.2185e-07
3848	8.21575e-07
3849	8.21305e-07
3850	8.21037e-07
3851	8.20773e-07
3852	8.20513e-07
3853	8.20255e-07
3854	8.2e-07
3855	8.19747e-07
3856	8.19497e-07
3857	8.19249e-07
3858	8.19003e-07
3859	8.18759e-07
3860	8.18516e-07
3861	8.18274e-07
3862	8.18033e-07
3863	8.17793e-07
3864	8.17553e-07
3865	8.17313e-07
3866	8.17074e-07
3867	8.16834e-07
3868	8.16593e-07
3869	8.16352e-07
3870	8.1611e-07
3871	8.15866e-07
3872	8.15621e-07
3873	8.15375e-07
3874	8.15126e-07
3875	8.14875e-07
3876	8.14622e-07
3877	8.14366e-07
3878	8.14107e-07
3879	8.13846e-07
3880	8.13581e-07
3881	8.13312e-07
3882	8.13041e-07
3883	8.12765e-07
3884	8.12486e-07
3885	8.12202e-07
3886	8.11914e-07
3887	8.11622e-07
3888	8.11326e-07
3889	8.11025e-07
3890	8.1072e-07
3891	8.1041e-07
3892	8.10095e-07
3893	8.09775e-07
3894	8.09451e-07
3895	8.09121e-07
3896	8.08787e-07
3897	8.08448e-07
3898	8.08104e-07
3899	8.07755e-07
3900	8.07401e-07
3901	8.07042e-07
3902	8.06679e-07
3903	8.06311e-07
3904	8.05938e-07
3905	8.05561e-07
3906	8.05179e-07
3907	8.04792e-07
3908	8.04401e-07
3909	8.04006e-07
3910	8.03607e-07
3911	8.03204e-07
3912	8.02797e-07
3913	8.02386e-07
3914	8.01972e-07
3915	8.01554e-07
3916	8.01133e-07
3917	8.00709e-07
3918	8.00281e-07
3919	7.99851e-07
3920	7.99418e-07
3921	7.98982e-07
3922	7.98544e-07
3923	7.98103e-07
3924	7.97661e-07
3925	7.97217e-07
3926	7.96771e-07
3927	7.96323e-07
3928	7.95875e-07
3929	7.95425e-07
3930	7.94974e-07
3931	7.94522e-07
3932	7.9407e-07
3933	7.93617e-07
3934	7.93164e-07
3935	7.92711e-07
3936	7.92259e-07
3937	7.91806e-07
3938	7.91355e-07
3939	7.90904e-07
3940	7.90454e-07
3941	7.90005e-07
3942	7.89557e-07
3943	7.89111e-07
3944	7.88667e-07
3945	7.88225e-07
3946	7.87785e-07
3947	7.87347e-07
3948	7.86911e-07
3949	7.86478e-07
3950	7.86048e-07
3951	7.85621e-07
3952	7.85197e-07
3953	7.84776e-07
3954	7.84359e-07
3955	7.83945e-07
3956	7.83535e-07
3957	7.83128e-07
3958	7.82725e-07
3959	7.82327e-07
3960	7.81932e-07
3961	7.81541e-07
3962	7.81155e-07
3963	7.80773e-07
3964	7.80395e-07
3965	7.80022e-07
3966	7.79653e-07
3967	7.79289e-07
3968	7.78929e-07
3969	7.78573e-07
3970	7.78222e-07
3971	7.77875e-07
3972	7.77532e-07
3973	7.77194e-07
3974	7.7686e-07
3975	7.76531e-07
3976	7.76206e-07
3977	7.75884e-07
3978	7.75567e-07
3979	7.75254e-07
3980	7.74944e-07
3981	7.74639e-07
3982	7.74336e-07
3983	7.74038e-07
3984	7.73743e-07
3985	7.73451e-07
3986	7.73162e-07
3987	7.72876e-07
3988	7.72594e-07
3989	7.72313e-07
3990	7.72036e-07
3991	7.71761e-07
3992	7.71488e-07
3993	7.71218e-07
3994	7.70949e-07
3995	7.70683e-07
3996	7.70418e-07
3997	7.70154e-07
3998	7.69892e-07
3999	7.69632e-07
